# Please cite this paper in any communication about any use of Correct@TDS : 
#  Coming soon...
#  Average over 10000 waveforms. Timestamp: unknown
#  timeaxis (ps) 	 E-field
-7.500786770965326014e+02	-4.769576533780190276e-04
-7.500453440489991408e+02	-5.508866273058392424e-05
-7.500120110014656802e+02	-3.328128773755373326e-04
-7.499786779539323334e+02	-7.863683351198500187e-05
-7.499453449063988728e+02	-1.710638141222439290e-04
-7.499120118588654123e+02	-5.621020982321733921e-05
-7.498786788113319517e+02	-1.331023431254152749e-04
-7.498453457637984911e+02	-1.525164019266907123e-05
-7.498120127162650306e+02	-1.248028079296981075e-04
-7.497786796687316837e+02	-5.673256106002055768e-05
-7.497453466211982231e+02	-1.242705606862590868e-04
-7.497120135736647626e+02	-4.187781737710175891e-05
-7.496786805261313020e+02	-5.453985173043969081e-05
-7.496453474785978415e+02	2.430548220275960652e-05
-7.496120144310643809e+02	2.061645822042298406e-05
-7.495786813835310340e+02	5.049069404825377074e-05
-7.495453483359975735e+02	4.149785617182713267e-05
-7.495120152884641129e+02	7.820206768846246824e-05
-7.494786822409306524e+02	7.268327743896936283e-05
-7.494453491933971918e+02	1.053412186440573473e-04
-7.494120161458637313e+02	7.718021822521128775e-05
-7.493786830983303844e+02	1.063578645513164135e-04
-7.493453500507969238e+02	7.517161805145712919e-05
-7.493120170032634633e+02	9.984227280711439315e-05
-7.492786839557300027e+02	6.257639820869533920e-05
-7.492453509081965422e+02	1.428773856353023584e-04
-7.492120178606630816e+02	1.397069724100572820e-04
-7.491786848131297347e+02	1.952823385883702774e-04
-7.491453517655962742e+02	1.694845171826375285e-04
-7.491120187180628136e+02	1.754513383729167336e-04
-7.490786856705293530e+02	1.905302639685109564e-04
-7.490453526229958925e+02	2.101764598714622961e-04
-7.490120195754624319e+02	2.019951723172187417e-04
-7.489786865279290851e+02	2.066442536017272600e-04
-7.489453534803956245e+02	1.642613095586498910e-04
-7.489120204328621639e+02	1.790428499198041840e-04
-7.488786873853287034e+02	1.875552130355497883e-04
-7.488453543377952428e+02	2.218056178948202652e-04
-7.488120212902618960e+02	2.598263695559506221e-04
-7.487786882427284354e+02	2.247676397038939804e-04
-7.487453551951949748e+02	2.718063894918186594e-04
-7.487120221476615143e+02	2.889571050233164374e-04
-7.486786891001280537e+02	3.046686083031359079e-04
-7.486453560525945932e+02	3.380707997954945291e-04
-7.486120230050612463e+02	3.359596916634385324e-04
-7.485786899575277857e+02	3.257148512515831715e-04
-7.485453569099943252e+02	2.943831269395607545e-04
-7.485120238624608646e+02	2.915287181750783716e-04
-7.484786908149274041e+02	3.554395611501405517e-04
-7.484453577673939435e+02	3.257275766405161462e-04
-7.484120247198605966e+02	3.246489137989501091e-04
-7.483786916723271361e+02	3.916415110855117751e-04
-7.483453586247936755e+02	3.428660066374216711e-04
-7.483120255772602150e+02	4.267827203392130907e-04
-7.482786925297267544e+02	4.311143165288080668e-04
-7.482453594821932938e+02	4.566869499030203213e-04
-7.482120264346599470e+02	4.835626233240002602e-04
-7.481786933871264864e+02	4.886085415605049588e-04
-7.481453603395930259e+02	4.870198850628040181e-04
-7.481120272920595653e+02	4.724120288876931979e-04
-7.480786942445261047e+02	4.624064574014560705e-04
-7.480453611969926442e+02	4.650658788513979268e-04
-7.480120281494592973e+02	4.466831558868366615e-04
-7.479786951019258368e+02	4.199901644187827021e-04
-7.479453620543923762e+02	4.508148697736460747e-04
-7.479120290068589156e+02	4.502948180015934449e-04
-7.478786959593254551e+02	5.074683951622823048e-04
-7.478453629117919945e+02	5.036936839548268466e-04
-7.478120298642586476e+02	5.038976469113695287e-04
-7.477786968167251871e+02	5.279485897210740375e-04
-7.477453637691917265e+02	5.452401861374605923e-04
-7.477120307216582660e+02	5.582808979806862032e-04
-7.476786976741248054e+02	5.302639856780295416e-04
-7.476453646265913449e+02	5.512918476758573274e-04
-7.476120315790579980e+02	5.797660849795011973e-04
-7.475786985315245374e+02	5.762740095237649067e-04
-7.475453654839910769e+02	5.568444283667700308e-04
-7.475120324364576163e+02	5.489790048609531148e-04
-7.474786993889241558e+02	5.069418750110202482e-04
-7.474453663413908089e+02	5.260163277576339943e-04
-7.474120332938573483e+02	5.159817602016821946e-04
-7.473787002463238878e+02	5.488067054734414819e-04
-7.473453671987904272e+02	5.668643334163083825e-04
-7.473120341512569667e+02	5.601366230360548546e-04
-7.472787011037235061e+02	5.716314321954213407e-04
-7.472453680561901592e+02	5.948317872657743650e-04
-7.472120350086566987e+02	6.035604734327897720e-04
-7.471787019611232381e+02	6.203220578669373445e-04
-7.471453689135897775e+02	6.671536693108352442e-04
-7.471120358660563170e+02	6.751475639647539851e-04
-7.470787028185228564e+02	6.534282800072429296e-04
-7.470453697709895096e+02	6.898461850695843675e-04
-7.470120367234560490e+02	6.635109586602283170e-04
-7.469787036759225884e+02	6.778824342304922606e-04
-7.469453706283891279e+02	6.932982113439921813e-04
-7.469120375808556673e+02	6.647679380684773072e-04
-7.468787045333222068e+02	6.978071126323843716e-04
-7.468453714857888599e+02	6.865317560111762864e-04
-7.468120384382553993e+02	6.781085275248341111e-04
-7.467787053907219388e+02	7.252224240979239641e-04
-7.467453723431884782e+02	7.017349317653140753e-04
-7.467120392956550177e+02	7.580290819014226175e-04
-7.466787062481215571e+02	7.693669668630899764e-04
-7.466453732005882102e+02	7.854141258644871393e-04
-7.466120401530547497e+02	7.746475792624526189e-04
-7.465787071055212891e+02	7.786467118597631106e-04
-7.465453740579878286e+02	7.805159608859499809e-04
-7.465120410104543680e+02	7.820265144724220310e-04
-7.464787079629209074e+02	7.978294910252175642e-04
-7.464453749153875606e+02	7.720104577431395653e-04
-7.464120418678541000e+02	7.501272925007574028e-04
-7.463787088203206395e+02	7.435994706283475522e-04
-7.463453757727871789e+02	7.679453777433216692e-04
-7.463120427252537183e+02	7.683396275592598110e-04
-7.462787096777203715e+02	7.321709693039469809e-04
-7.462453766301869109e+02	7.646372138638101021e-04
-7.462120435826534504e+02	7.716846200697053456e-04
-7.461787105351199898e+02	7.373295116050967209e-04
-7.461453774875865292e+02	8.068934547072104026e-04
-7.461120444400530687e+02	7.773148344761440873e-04
-7.460787113925197218e+02	7.971113726074882449e-04
-7.460453783449862613e+02	7.666490025501753467e-04
-7.460120452974528007e+02	7.851107689134521114e-04
-7.459787122499193401e+02	7.914288483910535349e-04
-7.459453792023858796e+02	7.835631812700906591e-04
-7.459120461548524190e+02	7.631305413596713855e-04
-7.458787131073190722e+02	7.248611506530389104e-04
-7.458453800597856116e+02	7.484615859371074971e-04
-7.458120470122521510e+02	7.760047022811475750e-04
-7.457787139647186905e+02	7.459429448409155569e-04
-7.457453809171852299e+02	7.363796835781732377e-04
-7.457120478696517694e+02	7.044201058167170234e-04
-7.456787148221184225e+02	7.228532412469638926e-04
-7.456453817745849619e+02	7.080184445816551644e-04
-7.456120487270515014e+02	7.405259104888789684e-04
-7.455787156795180408e+02	7.508645388261342771e-04
-7.455453826319845803e+02	7.311662311846195157e-04
-7.455120495844511197e+02	7.483809836928489523e-04
-7.454787165369177728e+02	8.005474371207835574e-04
-7.454453834893843123e+02	8.397835417225174093e-04
-7.454120504418508517e+02	7.796267249855298948e-04
-7.453787173943173912e+02	8.148915049615890237e-04
-7.453453843467839306e+02	8.386477452152899578e-04
-7.453120512992504700e+02	8.723572153263502117e-04
-7.452787182517171232e+02	8.395233231639080739e-04
-7.452453852041836626e+02	8.792275968023556933e-04
-7.452120521566502021e+02	8.628137662838989991e-04
-7.451787191091167415e+02	8.466914964255160391e-04
-7.451453860615832809e+02	8.424113709631912044e-04
-7.451120530140499341e+02	8.297635084968140633e-04
-7.450787199665164735e+02	8.292057892740814897e-04
-7.450453869189830129e+02	8.279092898757071418e-04
-7.450120538714495524e+02	8.099082625176920718e-04
-7.449787208239160918e+02	8.536948844538944569e-04
-7.449453877763826313e+02	7.988464626129899906e-04
-7.449120547288492844e+02	7.880552496199731997e-04
-7.448787216813158238e+02	8.241650197868112624e-04
-7.448453886337823633e+02	8.430197475983360750e-04
-7.448120555862489027e+02	8.511861194719884871e-04
-7.447787225387154422e+02	8.053845623272689767e-04
-7.447453894911819816e+02	8.455790598514742028e-04
-7.447120564436486347e+02	8.452053749727076381e-04
-7.446787233961151742e+02	8.520257797565104069e-04
-7.446453903485817136e+02	8.685866287884648398e-04
-7.446120573010482531e+02	8.755270320717946234e-04
-7.445787242535147925e+02	8.439738405666810704e-04
-7.445453912059813320e+02	7.932507118468796288e-04
-7.445120581584479851e+02	8.231174654183433508e-04
-7.444787251109145245e+02	8.147536040163638185e-04
-7.444453920633810640e+02	8.148840941978557732e-04
-7.444120590158476034e+02	7.755343827752196476e-04
-7.443787259683141428e+02	7.838790182222790670e-04
-7.443453929207806823e+02	8.182501750096832531e-04
-7.443120598732473354e+02	8.311678130158412338e-04
-7.442787268257138749e+02	8.375473983841388382e-04
-7.442453937781804143e+02	8.166631922818789200e-04
-7.442120607306469537e+02	8.154289916144555729e-04
-7.441787276831134932e+02	8.415301845085817545e-04
-7.441453946355800326e+02	8.305962992417865835e-04
-7.441120615880466858e+02	8.215156857438213030e-04
-7.440787285405132252e+02	7.843383130810727697e-04
-7.440453954929797646e+02	8.091682107413593426e-04
-7.440120624454463041e+02	8.359089867273340703e-04
-7.439787293979128435e+02	8.199760695533754671e-04
-7.439453963503794967e+02	7.980827266853638812e-04
-7.439120633028460361e+02	7.997638663622614382e-04
-7.438787302553125755e+02	7.511026559418533706e-04
-7.438453972077791150e+02	7.339385781025462539e-04
-7.438120641602456544e+02	7.330505737936829878e-04
-7.437787311127121939e+02	6.940065940751334291e-04
-7.437453980651788470e+02	6.955289097428857866e-04
-7.437120650176453864e+02	7.062483228364277617e-04
-7.436787319701119259e+02	6.798129860531439920e-04
-7.436453989225784653e+02	6.740440540303964216e-04
-7.436120658750450048e+02	6.555962832320550403e-04
-7.435787328275115442e+02	6.603178500562943438e-04
-7.435453997799781973e+02	6.539436949119055084e-04
-7.435120667324447368e+02	6.705144203549567731e-04
-7.434787336849112762e+02	6.559722405869360074e-04
-7.434454006373778157e+02	6.655794860071429691e-04
-7.434120675898443551e+02	6.674552504309694311e-04
-7.433787345423108945e+02	6.198530921957576094e-04
-7.433454014947775477e+02	6.565044302207082624e-04
-7.433120684472440871e+02	6.853889444380155231e-04
-7.432787353997106266e+02	6.505377214591587676e-04
-7.432454023521771660e+02	6.507322154068031833e-04
-7.432120693046437054e+02	6.847032308630358758e-04
-7.431787362571102449e+02	6.116639081763634595e-04
-7.431454032095768980e+02	5.996359090390073181e-04
-7.431120701620434374e+02	6.123457235840326770e-04
-7.430787371145099769e+02	5.986118543608311918e-04
-7.430454040669765163e+02	6.108551294410636536e-04
-7.430120710194430558e+02	6.059162554333166056e-04
-7.429787379719095952e+02	5.845711602890268270e-04
-7.429454049243762483e+02	5.937417738384370746e-04
-7.429120718768427878e+02	5.818069275767438547e-04
-7.428787388293093272e+02	5.934327790821845817e-04
-7.428454057817758667e+02	6.082755179560762763e-04
-7.428120727342424061e+02	6.057232943328349746e-04
-7.427787396867089456e+02	5.929291102238893295e-04
-7.427454066391755987e+02	6.197189734425293884e-04
-7.427120735916421381e+02	6.519418529191975745e-04
-7.426787405441086776e+02	6.481426612244989716e-04
-7.426454074965752170e+02	7.220670934754186594e-04
-7.426120744490417565e+02	6.965245404045249632e-04
-7.425787414015084096e+02	7.224284569222957919e-04
-7.425454083539749490e+02	7.420608171412825969e-04
-7.425120753064414885e+02	7.408541949422669647e-04
-7.424787422589080279e+02	6.911083710040523062e-04
-7.424454092113745673e+02	7.017312266469469045e-04
-7.424120761638411068e+02	7.154876597328342289e-04
-7.423787431163077599e+02	7.429895208012950994e-04
-7.423454100687742994e+02	7.529694419239714095e-04
-7.423120770212408388e+02	7.523903793104697773e-04
-7.422787439737073782e+02	7.802362115154945878e-04
-7.422454109261739177e+02	7.503300433422510195e-04
-7.422120778786404571e+02	8.111455325201966538e-04
-7.421787448311071103e+02	8.106213686311156260e-04
-7.421454117835736497e+02	8.377046677035663615e-04
-7.421120787360401891e+02	8.458827833610126166e-04
-7.420787456885067286e+02	8.831248473435900385e-04
-7.420454126409732680e+02	8.786168625128611869e-04
-7.420120795934398075e+02	9.193036418220280372e-04
-7.419787465459064606e+02	9.347579240819703763e-04
-7.419454134983730000e+02	9.644752607410784790e-04
-7.419120804508395395e+02	1.018231106234338251e-03
-7.418787474033060789e+02	9.848308241813938293e-04
-7.418454143557726184e+02	1.028561745010746773e-03
-7.418120813082391578e+02	1.070597285570261620e-03
-7.417787482607058109e+02	1.081287535195271784e-03
-7.417454152131723504e+02	1.088716249586372609e-03
-7.417120821656388898e+02	1.108405737589070791e-03
-7.416787491181054293e+02	1.127866912259032576e-03
-7.416454160705719687e+02	1.135402058967892617e-03
-7.416120830230385081e+02	1.147677003902882950e-03
-7.415787499755051613e+02	1.127908323455695336e-03
-7.415454169279717007e+02	1.152747957653868288e-03
-7.415120838804382402e+02	1.146037779400121840e-03
-7.414787508329047796e+02	1.144951252088681265e-03
-7.414454177853713190e+02	1.145884974921858963e-03
-7.414120847378379722e+02	1.204949279589217527e-03
-7.413787516903045116e+02	1.184798931514975543e-03
-7.413454186427710511e+02	1.207652100195311714e-03
-7.413120855952375905e+02	1.194669411139059629e-03
-7.412787525477041299e+02	1.191393158747899817e-03
-7.412454195001706694e+02	1.217426379742976182e-03
-7.412120864526373225e+02	1.232381254412863664e-03
-7.411787534051038620e+02	1.207641994044025228e-03
-7.411454203575704014e+02	1.226257499826822420e-03
-7.411120873100369408e+02	1.268183489852393658e-03
-7.410787542625034803e+02	1.217399232204182183e-03
-7.410454212149700197e+02	1.248757685933004702e-03
-7.410120881674366728e+02	1.228111540175733183e-03
-7.409787551199032123e+02	1.223757096645848239e-03
-7.409454220723697517e+02	1.254457289958171677e-03
-7.409120890248362912e+02	1.221222497062870354e-03
-7.408787559773028306e+02	1.233579288684633762e-03
-7.408454229297693701e+02	1.263773105321802865e-03
-7.408120898822360232e+02	1.250447940744635637e-03
-7.407787568347025626e+02	1.237956278257887561e-03
-7.407454237871691021e+02	1.269202911034138410e-03
-7.407120907396356415e+02	1.253269480627129890e-03
-7.406787576921021810e+02	1.276388104532012215e-03
-7.406454246445687204e+02	1.293847793482007843e-03
-7.406120915970353735e+02	1.302820304674694434e-03
-7.405787585495019130e+02	1.285183666553606652e-03
-7.405454255019684524e+02	1.328529821552486582e-03
-7.405120924544349919e+02	1.345544813752655054e-03
-7.404787594069015313e+02	1.372502885497228981e-03
-7.404454263593680707e+02	1.373284047879079180e-03
-7.404120933118347239e+02	1.389922752192859681e-03
-7.403787602643012633e+02	1.401338453288021070e-03
-7.403454272167678027e+02	1.374191307852466043e-03
-7.403120941692343422e+02	1.398248257491388827e-03
-7.402787611217008816e+02	1.435299277959683822e-03
-7.402454280741674211e+02	1.391900610708200108e-03
-7.402120950266340742e+02	1.406101356003739171e-03
-7.401787619791006136e+02	1.433088069607295519e-03
-7.401454289315671531e+02	1.408938999143786357e-03
-7.401120958840336925e+02	1.420975953081217566e-03
-7.400787628365002320e+02	1.376235812283140014e-03
-7.400454297889668851e+02	1.400095706890730702e-03
-7.400120967414334245e+02	1.368038611242216370e-03
-7.399787636938999640e+02	1.358310361687008628e-03
-7.399454306463665034e+02	1.363034197964439927e-03
-7.399120975988330429e+02	1.321398354485962172e-03
-7.398787645512995823e+02	1.359813499570668117e-03
-7.398454315037662354e+02	1.364495828064955004e-03
-7.398120984562327749e+02	1.354562445572672419e-03
-7.397787654086993143e+02	1.352848247894605695e-03
-7.397454323611658538e+02	1.340508154073461258e-03
-7.397120993136323932e+02	1.315076346386867632e-03
-7.396787662660989326e+02	1.381723783710857778e-03
-7.396454332185655858e+02	1.373848886592507305e-03
-7.396121001710321252e+02	1.388270583536295932e-03
-7.395787671234986647e+02	1.399934138976053569e-03
-7.395454340759652041e+02	1.401171509781814518e-03
-7.395121010284317435e+02	1.377793689729311629e-03
-7.394787679808982830e+02	1.374997854573347831e-03
-7.394454349333649361e+02	1.387091441670770722e-03
-7.394121018858314756e+02	1.375879512849974068e-03
-7.393787688382980150e+02	1.346188068665835069e-03
-7.393454357907645544e+02	1.333978783199124682e-03
-7.393121027432310939e+02	1.381998905734722850e-03
-7.392787696956976333e+02	1.377381204583416618e-03
-7.392454366481642865e+02	1.381829544891369872e-03
-7.392121036006308259e+02	1.428422613988833889e-03
-7.391787705530973653e+02	1.400479008444722399e-03
-7.391454375055639048e+02	1.425294510579510005e-03
-7.391121044580304442e+02	1.464123014162349795e-03
-7.390787714104969837e+02	1.477677793599538889e-03
-7.390454383629636368e+02	1.526712478999899371e-03
-7.390121053154301762e+02	1.530533305785492567e-03
-7.389787722678967157e+02	1.557464586994297944e-03
-7.389454392203632551e+02	1.567967478367744477e-03
-7.389121061728297946e+02	1.631245277965407336e-03
-7.388787731252964477e+02	1.619087461229157037e-03
-7.388454400777629871e+02	1.649520486541644453e-03
-7.388121070302295266e+02	1.687286243312809218e-03
-7.387787739826960660e+02	1.711522541202197900e-03
-7.387454409351626055e+02	1.706098183345407943e-03
-7.387121078876291449e+02	1.722693032165645982e-03
-7.386787748400957980e+02	1.727865664763800517e-03
-7.386454417925623375e+02	1.757037244717541292e-03
-7.386121087450288769e+02	1.718621823117002330e-03
-7.385787756974954164e+02	1.708639942801410804e-03
-7.385454426499619558e+02	1.730848825719461881e-03
-7.385121096024284952e+02	1.734735649202828918e-03
-7.384787765548951484e+02	1.691709397018109151e-03
-7.384454435073616878e+02	1.678998442642238523e-03
-7.384121104598282272e+02	1.736572391445200068e-03
-7.383787774122947667e+02	1.704482816158889606e-03
-7.383454443647613061e+02	1.684195159354257747e-03
-7.383121113172278456e+02	1.726480241536129927e-03
-7.382787782696944987e+02	1.761760066459085649e-03
-7.382454452221610381e+02	1.732527688666143408e-03
-7.382121121746275776e+02	1.729228428499970504e-03
-7.381787791270941170e+02	1.729659806746419162e-03
-7.381454460795606565e+02	1.736168560044955463e-03
-7.381121130320271959e+02	1.763701967137454654e-03
-7.380787799844938490e+02	1.784864749826695247e-03
-7.380454469369603885e+02	1.776038044946163944e-03
-7.380121138894269279e+02	1.796826751973309641e-03
-7.379787808418934674e+02	1.784160452435051575e-03
-7.379454477943600068e+02	1.788480736455103342e-03
-7.379121147468265463e+02	1.792197925070178159e-03
-7.378787816992931994e+02	1.800569540436557179e-03
-7.378454486517597388e+02	1.800456957450942506e-03
-7.378121156042262783e+02	1.828441116857781575e-03
-7.377787825566928177e+02	1.808322609843826274e-03
-7.377454495091593571e+02	1.797943319589192547e-03
-7.377121164616260103e+02	1.805143068456334723e-03
-7.376787834140925497e+02	1.802744203928511235e-03
-7.376454503665590892e+02	1.797000810240335531e-03
-7.376121173190256286e+02	1.815565669776465513e-03
-7.375787842714921680e+02	1.815134521220480553e-03
-7.375454512239587075e+02	1.814629105581561617e-03
-7.375121181764253606e+02	1.760046742428041273e-03
-7.374787851288919001e+02	1.762513026847440344e-03
-7.374454520813584395e+02	1.734730469127228900e-03
-7.374121190338249789e+02	1.686727060960968756e-03
-7.373787859862915184e+02	1.676374798963421470e-03
-7.373454529387580578e+02	1.693943052667687540e-03
-7.373121198912247110e+02	1.639226301755249398e-03
-7.372787868436912504e+02	1.614168495890830378e-03
-7.372454537961577898e+02	1.597754131751993921e-03
-7.372121207486243293e+02	1.594600841108460929e-03
-7.371787877010908687e+02	1.590454200789415519e-03
-7.371454546535574082e+02	1.559991433676928942e-03
-7.371121216060240613e+02	1.577243899391607938e-03
-7.370787885584906007e+02	1.562960283484043054e-03
-7.370454555109571402e+02	1.544170554513388640e-03
-7.370121224634236796e+02	1.565549616721054280e-03
-7.369787894158902191e+02	1.554697504463964375e-03
-7.369454563683567585e+02	1.581682138641818348e-03
-7.369121233208234116e+02	1.579707211008549031e-03
-7.368787902732899511e+02	1.615885313698673872e-03
-7.368454572257564905e+02	1.657388280806700465e-03
-7.368121241782230300e+02	1.642982672665265582e-03
-7.367787911306895694e+02	1.714948997659425985e-03
-7.367454580831561088e+02	1.736649309058014255e-03
-7.367121250356227620e+02	1.777247784158652970e-03
-7.366787919880893014e+02	1.801415061180790256e-03
-7.366454589405558409e+02	1.835786019193485401e-03
-7.366121258930223803e+02	1.888242844673222688e-03
-7.365787928454889197e+02	1.970498070358353906e-03
-7.365454597979555729e+02	2.025129188183901700e-03
-7.365121267504221123e+02	2.057176323275602872e-03
-7.364787937028886518e+02	2.082313514928408639e-03
-7.364454606553551912e+02	2.173976690880061267e-03
-7.364121276078217306e+02	2.245555424689613111e-03
-7.363787945602882701e+02	2.262371939414806795e-03
-7.363454615127549232e+02	2.255960181395219154e-03
-7.363121284652214626e+02	2.329558070454620673e-03
-7.362787954176880021e+02	2.341093666043660582e-03
-7.362454623701545415e+02	2.348076158257042176e-03
-7.362121293226210810e+02	2.338804598507603170e-03
-7.361787962750876204e+02	2.342153745702316766e-03
-7.361454632275542735e+02	2.318824352802121864e-03
-7.361121301800208130e+02	2.279152554131466408e-03
-7.360787971324873524e+02	2.269417541818926232e-03
-7.360454640849538919e+02	2.232912597264344410e-03
-7.360121310374204313e+02	2.215726859258071706e-03
-7.359787979898869708e+02	2.194335485050438565e-03
-7.359454649423536239e+02	2.087256227754419931e-03
-7.359121318948201633e+02	2.053335021017229940e-03
-7.358787988472867028e+02	2.078355754733268550e-03
-7.358454657997532422e+02	2.034061044388490048e-03
-7.358121327522197817e+02	1.972710796955801614e-03
-7.357787997046863211e+02	1.932035145077444548e-03
-7.357454666571529742e+02	1.917484648641361441e-03
-7.357121336096195137e+02	1.921635935250826750e-03
-7.356788005620860531e+02	1.873091311011520262e-03
-7.356454675145525925e+02	1.881234344956681783e-03
-7.356121344670191320e+02	1.815578710950325071e-03
-7.355788014194856714e+02	1.839732783951300750e-03
-7.355454683719523246e+02	1.865040180573788661e-03
-7.355121353244188640e+02	1.813926645410661540e-03
-7.354788022768854034e+02	1.830245588553085050e-03
-7.354454692293519429e+02	1.849002724707009444e-03
-7.354121361818184823e+02	1.800861109144795370e-03
-7.353788031342851355e+02	1.818022367083620963e-03
-7.353454700867516749e+02	1.794862136702270313e-03
-7.353121370392182143e+02	1.769710386829987606e-03
-7.352788039916847538e+02	1.749383632586177205e-03
-7.352454709441512932e+02	1.722800327936563781e-03
-7.352121378966178327e+02	1.721922065267965157e-03
-7.351788048490844858e+02	1.681481690542152400e-03
-7.351454718015510252e+02	1.704766116133767453e-03
-7.351121387540175647e+02	1.690638722670617525e-03
-7.350788057064841041e+02	1.642947287514113282e-03
-7.350454726589506436e+02	1.686046916830230514e-03
-7.350121396114171830e+02	1.678251983768563752e-03
-7.349788065638838361e+02	1.695759521978072552e-03
-7.349454735163503756e+02	1.695310586738509344e-03
-7.349121404688169150e+02	1.700740285540278769e-03
-7.348788074212834545e+02	1.742230779407750139e-03
-7.348454743737499939e+02	1.743193412425330735e-03
-7.348121413262165333e+02	1.804964873657144073e-03
-7.347788082786831865e+02	1.812024637999691459e-03
-7.347454752311497259e+02	1.827022134650258802e-03
-7.347121421836162654e+02	1.904216601151785060e-03
-7.346788091360828048e+02	1.912735123590773509e-03
-7.346454760885493442e+02	1.945849221588939401e-03
-7.346121430410158837e+02	2.020910775340741157e-03
-7.345788099934825368e+02	2.010127494161836025e-03
-7.345454769459490763e+02	2.034014233649839715e-03
-7.345121438984156157e+02	2.058278459321448255e-03
-7.344788108508821551e+02	2.074388870915047905e-03
-7.344454778033486946e+02	2.104649528102218309e-03
-7.344121447558152340e+02	2.087704946226110175e-03
-7.343788117082818871e+02	2.136250769968262887e-03
-7.343454786607484266e+02	2.143148087387784610e-03
-7.343121456132149660e+02	2.105543320384992926e-03
-7.342788125656815055e+02	2.101920145367927508e-03
-7.342454795181480449e+02	2.156177641303156419e-03
-7.342121464706146980e+02	2.203628126612687359e-03
-7.341788134230812375e+02	2.167381541580126574e-03
-7.341454803755477769e+02	2.198131137934151817e-03
-7.341121473280143164e+02	2.143282961059569426e-03
-7.340788142804808558e+02	2.187407325720616431e-03
-7.340454812329473953e+02	2.175841087374468744e-03
-7.340121481854140484e+02	2.206989820759652429e-03
-7.339788151378805878e+02	2.231733579625752410e-03
-7.339454820903471273e+02	2.184630374115893552e-03
-7.339121490428136667e+02	2.202401713769714872e-03
-7.338788159952802062e+02	2.199380169665853327e-03
-7.338454829477467456e+02	2.212465653050336729e-03
-7.338121499002133987e+02	2.168096166361997094e-03
-7.337788168526799382e+02	2.194314145579752840e-03
-7.337454838051464776e+02	2.164146201863894128e-03
-7.337121507576130170e+02	2.219778706345540593e-03
-7.336788177100795565e+02	2.201485803484541908e-03
-7.336454846625460959e+02	2.177313862873660275e-03
-7.336121516150127491e+02	2.210472955394969952e-03
-7.335788185674792885e+02	2.192078486415520357e-03
-7.335454855199458279e+02	2.165758537315325312e-03
-7.335121524724123674e+02	2.153703889086189087e-03
-7.334788194248789068e+02	2.137915584414592021e-03
-7.334454863773454463e+02	2.160353557043241234e-03
-7.334121533298120994e+02	2.130502480557024125e-03
-7.333788202822786388e+02	2.133258539038055367e-03
-7.333454872347451783e+02	2.107497909681093316e-03
-7.333121541872117177e+02	2.131024418330818362e-03
-7.332788211396782572e+02	2.104476981340482923e-03
-7.332454880921447966e+02	2.074406349646982367e-03
-7.332121550446114497e+02	2.107103205798988022e-03
-7.331788219970779892e+02	2.072896665419440756e-03
-7.331454889495445286e+02	2.065776634774007300e-03
-7.331121559020110681e+02	2.098215900316078263e-03
-7.330788228544776075e+02	2.049314073854941257e-03
-7.330454898069442606e+02	2.047044440704112560e-03
-7.330121567594108001e+02	2.005954187656996610e-03
-7.329788237118773395e+02	2.017461262316768474e-03
-7.329454906643438790e+02	1.996481962653519869e-03
-7.329121576168104184e+02	1.973579067925673378e-03
-7.328788245692769578e+02	1.955391400472766394e-03
-7.328454915217434973e+02	1.927457684131477639e-03
-7.328121584742101504e+02	1.938356088284123738e-03
-7.327788254266766899e+02	1.925968708096019010e-03
-7.327454923791432293e+02	1.905067246847592802e-03
-7.327121593316097687e+02	1.893801316741101090e-03
-7.326788262840763082e+02	1.879021251156805022e-03
-7.326454932365429613e+02	1.875515127012649655e-03
-7.326121601890095008e+02	1.904660219923214048e-03
-7.325788271414760402e+02	1.870898304058079458e-03
-7.325454940939425796e+02	1.910466739489719446e-03
-7.325121610464091191e+02	1.900342164814567986e-03
-7.324788279988756585e+02	1.924805175665477742e-03
-7.324454949513423117e+02	1.927161920943717705e-03
-7.324121619038088511e+02	1.935259392361268630e-03
-7.323788288562753905e+02	1.924966191656807572e-03
-7.323454958087419300e+02	1.911948222739854892e-03
-7.323121627612084694e+02	1.941771768474357188e-03
-7.322788297136750089e+02	1.941297930309096066e-03
-7.322454966661416620e+02	1.956886379984253393e-03
-7.322121636186082014e+02	1.949096859422491711e-03
-7.321788305710747409e+02	1.965940896630229921e-03
-7.321454975235412803e+02	1.986154060727374042e-03
-7.321121644760078198e+02	2.008805457472374011e-03
-7.320788314284743592e+02	2.023973899229005585e-03
-7.320454983809410123e+02	2.031589796184132823e-03
-7.320121653334075518e+02	2.069959362942132633e-03
-7.319788322858740912e+02	2.096956528040648613e-03
-7.319454992383406307e+02	2.080228816690182000e-03
-7.319121661908071701e+02	2.087746139700172570e-03
-7.318788331432737095e+02	2.105489714379374985e-03
-7.318455000957403627e+02	2.121181651212772704e-03
-7.318121670482069021e+02	2.106390303497063070e-03
-7.317788340006734416e+02	2.112174818479549410e-03
-7.317455009531399810e+02	2.146445260121340563e-03
-7.317121679056065204e+02	2.136140817744447157e-03
-7.316788348580730599e+02	2.134728939661183732e-03
-7.316455018105397130e+02	2.150326571341749666e-03
-7.316121687630062524e+02	2.149879234300726329e-03
-7.315788357154727919e+02	2.126636399402781572e-03
-7.315455026679393313e+02	2.134102185002761075e-03
-7.315121696204058708e+02	2.131559003244937189e-03
-7.314788365728725239e+02	2.152625204114075059e-03
-7.314455035253390633e+02	2.173269584689582583e-03
-7.314121704778056028e+02	2.176087973438592914e-03
-7.313788374302721422e+02	2.197239359161137599e-03
-7.313455043827386817e+02	2.217865722077091550e-03
-7.313121713352052211e+02	2.212122735710508967e-03
-7.312788382876718742e+02	2.224047915614593088e-03
-7.312455052401384137e+02	2.201953838994091198e-03
-7.312121721926049531e+02	2.258726643972678964e-03
-7.311788391450714926e+02	2.234430556586079666e-03
-7.311455060975380320e+02	2.196891675290226376e-03
-7.311121730500045715e+02	2.218567257830896672e-03
-7.310788400024712246e+02	2.200202596907999651e-03
-7.310455069549377640e+02	2.203017119306129902e-03
-7.310121739074043035e+02	2.186188820656373953e-03
-7.309788408598708429e+02	2.184541199699130409e-03
-7.309455078123373823e+02	2.175281856146503781e-03
-7.309121747648039218e+02	2.149344959866194421e-03
-7.308788417172705749e+02	2.147337475619578041e-03
-7.308455086697371144e+02	2.110313391833736844e-03
-7.308121756222036538e+02	2.140066128491945746e-03
-7.307788425746701932e+02	2.147328182545916748e-03
-7.307455095271367327e+02	2.103187883903852740e-03
-7.307121764796032721e+02	2.075045511825680117e-03
-7.306788434320699253e+02	2.042319593101724756e-03
-7.306455103845364647e+02	2.063675356268652224e-03
-7.306121773370030041e+02	2.019416054908263272e-03
-7.305788442894695436e+02	2.018786248493732813e-03
-7.305455112419360830e+02	2.043146200517171902e-03
-7.305121781944026225e+02	1.998868047602760274e-03
-7.304788451468692756e+02	1.980589009527927540e-03
-7.304455120993358150e+02	2.002729149570901205e-03
-7.304121790518023545e+02	1.973782309615895736e-03
-7.303788460042688939e+02	1.992073818650237464e-03
-7.303455129567354334e+02	1.955100392244023266e-03
-7.303121799092020865e+02	1.964982930711004459e-03
-7.302788468616686259e+02	2.009804515561736549e-03
-7.302455138141351654e+02	1.996019682184399166e-03
-7.302121807666017048e+02	1.991933405231505888e-03
-7.301788477190682443e+02	2.029756492560412778e-03
-7.301455146715347837e+02	1.990166591723421374e-03
-7.301121816240014368e+02	2.006623306962281462e-03
-7.300788485764679763e+02	2.012779854913813483e-03
-7.300455155289345157e+02	2.013155927327989984e-03
-7.300121824814010552e+02	2.058719410712003556e-03
-7.299788494338675946e+02	2.035097553036974757e-03
-7.299455163863341340e+02	2.030825304828488397e-03
-7.299121833388007872e+02	2.070151149062090037e-03
-7.298788502912673266e+02	2.072713966157334158e-03
-7.298455172437338661e+02	2.072834317078626771e-03
-7.298121841962004055e+02	2.079011094773520595e-03
-7.297788511486669449e+02	2.051287897782007319e-03
-7.297455181011334844e+02	2.068867039668157055e-03
-7.297121850536001375e+02	2.034533107475000515e-03
-7.296788520060666769e+02	2.036425130672178067e-03
-7.296455189585332164e+02	2.023478270957980441e-03
-7.296121859109997558e+02	2.057535965759274728e-03
-7.295788528634662953e+02	2.041149400438113572e-03
-7.295455198159328347e+02	2.035539766005862311e-03
-7.295121867683994878e+02	2.023318614169579421e-03
-7.294788537208660273e+02	2.013607036042588776e-03
-7.294455206733325667e+02	2.017075128247882484e-03
-7.294121876257991062e+02	2.006783566867314638e-03
-7.293788545782656456e+02	2.005669183869472454e-03
-7.293455215307321851e+02	2.001622861658300043e-03
-7.293121884831988382e+02	2.022219927187699461e-03
-7.292788554356653776e+02	2.011973123045612127e-03
-7.292455223881319171e+02	2.008586314905875820e-03
-7.292121893405984565e+02	1.986956214189114587e-03
-7.291788562930649960e+02	1.999385416812261580e-03
-7.291455232455316491e+02	1.950530646407359729e-03
-7.291121901979981885e+02	1.941008691468539037e-03
-7.290788571504647280e+02	1.975101786444635483e-03
-7.290455241029312674e+02	1.937856019810412595e-03
-7.290121910553978068e+02	1.928496233331292685e-03
-7.289788580078643463e+02	1.915154312250501355e-03
-7.289455249603309994e+02	1.952262367428786796e-03
-7.289121919127975389e+02	1.950844729457614293e-03
-7.288788588652640783e+02	1.941713551459392333e-03
-7.288455258177306177e+02	1.993247278997287153e-03
-7.288121927701971572e+02	1.963787048992188169e-03
-7.287788597226636966e+02	1.988544900114282230e-03
-7.287455266751303498e+02	1.998849816150633646e-03
-7.287121936275968892e+02	1.993119105280896208e-03
-7.286788605800634286e+02	2.005447648247260170e-03
-7.286455275325299681e+02	2.037358451790612264e-03
-7.286121944849965075e+02	2.014896905811791421e-03
-7.285788614374630470e+02	2.033362881270291481e-03
-7.285455283899297001e+02	2.057960564366105669e-03
-7.285121953423962395e+02	2.076046907891233341e-03
-7.284788622948627790e+02	2.045252702597314537e-03
-7.284455292473293184e+02	2.094057714487334177e-03
-7.284121961997958579e+02	2.112680785096529047e-03
-7.283788631522623973e+02	2.110820635002946723e-03
-7.283455301047290504e+02	2.142112936956821860e-03
-7.283121970571955899e+02	2.122189785036387912e-03
-7.282788640096621293e+02	2.134555864652876427e-03
-7.282455309621286688e+02	2.158912722196502931e-03
-7.282121979145952082e+02	2.131354925834478761e-03
-7.281788648670617476e+02	2.124304419776814040e-03
-7.281455318195284008e+02	2.122854475642014030e-03
-7.281121987719949402e+02	2.108071076278372497e-03
-7.280788657244614797e+02	2.086670797912714738e-03
-7.280455326769280191e+02	2.092492017962784522e-03
-7.280121996293945585e+02	2.058875755985285164e-03
-7.279788665818612117e+02	2.036171895509687052e-03
-7.279455335343277511e+02	2.066982494601913873e-03
-7.279122004867942906e+02	2.056886623606768612e-03
-7.278788674392608300e+02	2.037955090062805886e-03
-7.278455343917273694e+02	2.004281931140136901e-03
-7.278122013441939089e+02	1.980630050244623283e-03
-7.277788682966605620e+02	1.975097949666026684e-03
-7.277455352491271015e+02	1.960504884639811991e-03
-7.277122022015936409e+02	1.939820656454415435e-03
-7.276788691540601803e+02	1.928990230361366269e-03
-7.276455361065267198e+02	1.922140499817778878e-03
-7.276122030589932592e+02	1.912350501652277822e-03
-7.275788700114599123e+02	1.928443030680341251e-03
-7.275455369639264518e+02	1.915460020933411377e-03
-7.275122039163929912e+02	1.900005894534550132e-03
-7.274788708688595307e+02	1.873075430969746305e-03
-7.274455378213260701e+02	1.856726082171648124e-03
-7.274122047737926096e+02	1.852089344080979326e-03
-7.273788717262592627e+02	1.844623935311861043e-03
-7.273455386787258021e+02	1.893171899973230404e-03
-7.273122056311923416e+02	1.871693236627522275e-03
-7.272788725836588810e+02	1.853376079497327886e-03
-7.272455395361254205e+02	1.860837462061827553e-03
-7.272122064885919599e+02	1.879256675904307288e-03
-7.271788734410586130e+02	1.866458476778249352e-03
-7.271455403935251525e+02	1.883773617077316590e-03
-7.271122073459916919e+02	1.895443474097193055e-03
-7.270788742984582314e+02	1.925670509655343955e-03
-7.270455412509247708e+02	1.901781320972523257e-03
-7.270122082033913102e+02	1.920983036789231622e-03
-7.269788751558579634e+02	1.902647096840621608e-03
-7.269455421083245028e+02	1.884013314608466369e-03
-7.269122090607910422e+02	1.882758981561230300e-03
-7.268788760132575817e+02	1.880630279099597922e-03
-7.268455429657241211e+02	1.882242574336362656e-03
-7.268122099181907743e+02	1.872935994630651980e-03
-7.267788768706573137e+02	1.844804770778039286e-03
-7.267455438231238531e+02	1.812331550433359407e-03
-7.267122107755903926e+02	1.807657971429397050e-03
-7.266788777280569320e+02	1.834588738639178311e-03
-7.266455446805234715e+02	1.775072197120069334e-03
-7.266122116329901246e+02	1.758297868433716677e-03
-7.265788785854566640e+02	1.723525497538019305e-03
-7.265455455379232035e+02	1.791755977356100692e-03
-7.265122124903897429e+02	1.756483580681793104e-03
-7.264788794428562824e+02	1.727132891861071686e-03
-7.264455463953228218e+02	1.705757870916290494e-03
-7.264122133477894749e+02	1.772395665337029788e-03
-7.263788803002560144e+02	1.741708847949061676e-03
-7.263455472527225538e+02	1.762554630490864973e-03
-7.263122142051890933e+02	1.818221754850107624e-03
-7.262788811576556327e+02	1.817659849888209620e-03
-7.262455481101221721e+02	1.854572427952117832e-03
-7.262122150625888253e+02	1.880567908993297172e-03
-7.261788820150553647e+02	1.899627669794470841e-03
-7.261455489675219042e+02	1.914666715089702277e-03
-7.261122159199884436e+02	1.960445613063474014e-03
-7.260788828724549830e+02	1.996002533034983532e-03
-7.260455498249215225e+02	1.971399066518919694e-03
-7.260122167773881756e+02	1.970505356210254001e-03
-7.259788837298547151e+02	1.982539730480954113e-03
-7.259455506823212545e+02	2.005138933504771372e-03
-7.259122176347877939e+02	1.964714683883041126e-03
-7.258788845872543334e+02	1.976644845394105038e-03
-7.258455515397208728e+02	2.008254438520794445e-03
-7.258122184921875260e+02	1.945419856071306606e-03
-7.257788854446540654e+02	1.946168807857783564e-03
-7.257455523971206048e+02	1.924652564518223403e-03
-7.257122193495871443e+02	1.932128685273415457e-03
-7.256788863020536837e+02	1.874149630175917392e-03
-7.256455532545203368e+02	1.856834462196633312e-03
-7.256122202069868763e+02	1.834314618364878482e-03
-7.255788871594534157e+02	1.769885872852086520e-03
-7.255455541119199552e+02	1.726320094187825662e-03
-7.255122210643864946e+02	1.730659660255638201e-03
-7.254788880168530341e+02	1.698971389695531561e-03
-7.254455549693196872e+02	1.726387049022696726e-03
-7.254122219217862266e+02	1.673028933590356730e-03
-7.253788888742527661e+02	1.690620789522223090e-03
-7.253455558267193055e+02	1.731422689558565452e-03
-7.253122227791858450e+02	1.784505760999326954e-03
-7.252788897316523844e+02	1.811506417566288675e-03
-7.252455566841190375e+02	1.915559014673949611e-03
-7.252122236365855770e+02	2.027313410929612158e-03
-7.251788905890521164e+02	2.135945196600314792e-03
-7.251455575415186559e+02	2.233549455071775439e-03
-7.251122244939851953e+02	2.358157882941492103e-03
-7.250788914464517347e+02	2.493093566968987863e-03
-7.250455583989183879e+02	2.561196882388784395e-03
-7.250122253513849273e+02	2.667266030090745168e-03
-7.249788923038514667e+02	2.747171795131092987e-03
-7.249455592563180062e+02	2.825442946949933021e-03
-7.249122262087845456e+02	2.897130740678703197e-03
-7.248788931612510851e+02	2.970315545492923249e-03
-7.248455601137177382e+02	3.001810259564791691e-03
-7.248122270661842776e+02	3.061706936653524249e-03
-7.247788940186508171e+02	3.120035381243840920e-03
-7.247455609711173565e+02	3.148339542986192032e-03
-7.247122279235838960e+02	3.150266228201618716e-03
-7.246788948760504354e+02	3.157793460733121678e-03
-7.246455618285170885e+02	3.195936169872097641e-03
-7.246122287809836280e+02	3.136613022659771096e-03
-7.245788957334501674e+02	3.069201983423872852e-03
-7.245455626859167069e+02	3.001810083415561940e-03
-7.245122296383832463e+02	2.880581093385320857e-03
-7.244788965908498994e+02	2.735629946760656690e-03
-7.244455635433164389e+02	2.526803616930718525e-03
-7.244122304957829783e+02	2.316598236618529899e-03
-7.243788974482495178e+02	2.036994632923051513e-03
-7.243455644007160572e+02	1.791209023511627311e-03
-7.243122313531825966e+02	1.453924492424836902e-03
-7.242788983056491361e+02	1.077529963757229651e-03
-7.242455652581157892e+02	7.128064321304925953e-04
-7.242122322105823287e+02	3.005634732970509132e-04
-7.241788991630488681e+02	-1.286376218871072624e-04
-7.241455661155154075e+02	-5.263856868502496183e-04
-7.241122330679819470e+02	-9.254594542591482046e-04
-7.240789000204486001e+02	-1.323956752579387745e-03
-7.240455669729151396e+02	-1.623812924717952903e-03
-7.240122339253816790e+02	-1.831172190648278032e-03
-7.239789008778482184e+02	-1.951052858316042150e-03
-7.239455678303147579e+02	-2.001883973731939138e-03
-7.239122347827812973e+02	-1.924104690884181727e-03
-7.238789017352479505e+02	-1.736804975625160083e-03
-7.238455686877144899e+02	-1.381876847681353044e-03
-7.238122356401810293e+02	-9.561042513708740325e-04
-7.237789025926475688e+02	-3.917891487991463162e-04
-7.237455695451141082e+02	2.468681038034262177e-04
-7.237122364975806477e+02	9.502588749793869534e-04
-7.236789034500473008e+02	1.707652169068225173e-03
-7.236455704025138402e+02	2.429758675708517095e-03
-7.236122373549803797e+02	3.087868627139771661e-03
-7.235789043074469191e+02	3.744483829290672864e-03
-7.235455712599134586e+02	4.262419298881691895e-03
-7.235122382123799980e+02	4.666390542354772498e-03
-7.234789051648466511e+02	4.928831740911542893e-03
-7.234455721173131906e+02	5.089002578020779266e-03
-7.234122390697797300e+02	5.117761327341801419e-03
-7.233789060222462695e+02	4.998802562223087637e-03
-7.233455729747128089e+02	4.860845783066266267e-03
-7.233122399271793483e+02	4.575853675025842900e-03
-7.232789068796460015e+02	4.274223526155427992e-03
-7.232455738321125409e+02	3.934155622045020471e-03
-7.232122407845790804e+02	3.555888538706749886e-03
-7.231789077370456198e+02	3.233450023719516495e-03
-7.231455746895121592e+02	2.918065620237099596e-03
-7.231122416419786987e+02	2.660747963689143007e-03
-7.230789085944453518e+02	2.480931888345222491e-03
-7.230455755469118913e+02	2.341301100657618151e-03
-7.230122424993784307e+02	2.287728102075253789e-03
-7.229789094518449701e+02	2.263141872229348407e-03
-7.229455764043115096e+02	2.277282153121732572e-03
-7.229122433567781627e+02	2.326158352151651634e-03
-7.228789103092447021e+02	2.398362408637178152e-03
-7.228455772617112416e+02	2.520670030020737661e-03
-7.228122442141777810e+02	2.590822477329051288e-03
-7.227789111666443205e+02	2.638071064614534722e-03
-7.227455781191108599e+02	2.719005521824439161e-03
-7.227122450715775130e+02	2.749131511007880686e-03
-7.226789120240440525e+02	2.760412170767713620e-03
-7.226455789765105919e+02	2.787100910831626522e-03
-7.226122459289771314e+02	2.747651457865134955e-03
-7.225789128814436708e+02	2.708748363477017987e-03
-7.225455798339102103e+02	2.640831642901145249e-03
-7.225122467863768634e+02	2.577146221362154946e-03
-7.224789137388434028e+02	2.520404804809942608e-03
-7.224455806913099423e+02	2.424645397933987423e-03
-7.224122476437764817e+02	2.315598982256771021e-03
-7.223789145962430212e+02	2.173352540117757300e-03
-7.223455815487095606e+02	2.083073985860222840e-03
-7.223122485011762137e+02	2.009289096838267914e-03
-7.222789154536427532e+02	1.939320510209645168e-03
-7.222455824061092926e+02	1.922862255001905668e-03
-7.222122493585758320e+02	1.864474816301869712e-03
-7.221789163110423715e+02	1.828828045944515344e-03
-7.221455832635089109e+02	1.841132505838464746e-03
-7.221122502159755641e+02	1.866292543734305275e-03
-7.220789171684421035e+02	1.939048927779264946e-03
-7.220455841209086429e+02	1.957835196088080019e-03
-7.220122510733751824e+02	2.016176754049708256e-03
-7.219789180258417218e+02	2.111649626310100735e-03
-7.219455849783082613e+02	2.202042040705191363e-03
-7.219122519307749144e+02	2.280183452268695447e-03
-7.218789188832414538e+02	2.345329422332363689e-03
-7.218455858357079933e+02	2.352011643443048614e-03
-7.218122527881745327e+02	2.383634900030303250e-03
-7.217789197406410722e+02	2.444811240403093125e-03
-7.217455866931077253e+02	2.441454194659272662e-03
-7.217122536455742647e+02	2.448868262034520696e-03
-7.216789205980408042e+02	2.435919147503123796e-03
-7.216455875505073436e+02	2.454115374379509367e-03
-7.216122545029738831e+02	2.470504421829621249e-03
-7.215789214554404225e+02	2.509674952925419495e-03
-7.215455884079070756e+02	2.512689208646369087e-03
-7.215122553603736151e+02	2.574333538319895434e-03
-7.214789223128401545e+02	2.616272625460542515e-03
-7.214455892653066940e+02	2.646940203233775265e-03
-7.214122562177732334e+02	2.746356269533570520e-03
-7.213789231702397728e+02	2.770884803700873582e-03
-7.213455901227064260e+02	2.817012667491047059e-03
-7.213122570751729654e+02	2.884698100775349213e-03
-7.212789240276395049e+02	2.924180520853396185e-03
-7.212455909801060443e+02	2.934131127619302691e-03
-7.212122579325725837e+02	2.956586594767588675e-03
-7.211789248850391232e+02	2.945901157380871258e-03
-7.211455918375057763e+02	2.882045707509809599e-03
-7.211122587899723158e+02	2.879839748772320546e-03
-7.210789257424388552e+02	2.860368784846178351e-03
-7.210455926949053946e+02	2.795662751772304104e-03
-7.210122596473719341e+02	2.721170970608959277e-03
-7.209789265998384735e+02	2.656534766915084281e-03
-7.209455935523051267e+02	2.653790527538415350e-03
-7.209122605047716661e+02	2.552519550131910567e-03
-7.208789274572382055e+02	2.535578773093380683e-03
-7.208455944097047450e+02	2.485952002560029486e-03
-7.208122613621712844e+02	2.447694307167451021e-03
-7.207789283146378239e+02	2.404641903210679756e-03
-7.207455952671044770e+02	2.360650609494259911e-03
-7.207122622195710164e+02	2.229976062927673756e-03
-7.206789291720375559e+02	2.157044772538795844e-03
-7.206455961245040953e+02	2.017719429148549445e-03
-7.206122630769706348e+02	1.892961246648829478e-03
-7.205789300294372879e+02	1.737951330079896091e-03
-7.205455969819038273e+02	1.580244849325052091e-03
-7.205122639343703668e+02	1.454627593370186106e-03
-7.204789308868369062e+02	1.230255397435823378e-03
-7.204455978393034457e+02	1.087839003017316382e-03
-7.204122647917699851e+02	9.348078067615068392e-04
-7.203789317442366382e+02	7.985906031961198526e-04
-7.203455986967031777e+02	6.496457599096372958e-04
-7.203122656491697171e+02	5.598139270898112125e-04
-7.202789326016362565e+02	4.846661614174011174e-04
-7.202455995541027960e+02	3.989275756956130723e-04
-7.202122665065693354e+02	3.467143882273102454e-04
-7.201789334590359886e+02	3.581703920161656172e-04
-7.201456004115025280e+02	3.877071577831045003e-04
-7.201122673639690674e+02	4.734983923393835145e-04
-7.200789343164356069e+02	5.523380922023449170e-04
-7.200456012689021463e+02	7.039146131724244391e-04
-7.200122682213686858e+02	8.811926339396215432e-04
-7.199789351738353389e+02	1.108138409371272823e-03
-7.199456021263018783e+02	1.360443417842843684e-03
-7.199122690787684178e+02	1.637800359040908352e-03
-7.198789360312349572e+02	1.903350951112492851e-03
-7.198456029837014967e+02	2.184038920687197613e-03
-7.198122699361680361e+02	2.476278804710948644e-03
-7.197789368886346892e+02	2.737562263170901979e-03
-7.197456038411012287e+02	2.999301209768111091e-03
-7.197122707935677681e+02	3.184318523060936362e-03
-7.196789377460343076e+02	3.377010597119757887e-03
-7.196456046985008470e+02	3.456803353092570419e-03
-7.196122716509673864e+02	3.583408499830139250e-03
-7.195789386034340396e+02	3.619438336979592229e-03
-7.195456055559005790e+02	3.712288767515271610e-03
-7.195122725083671185e+02	3.772046309844682716e-03
-7.194789394608336579e+02	3.862623543637388069e-03
-7.194456064133001973e+02	4.010787993323518957e-03
-7.194122733657668505e+02	4.127575255008664873e-03
-7.193789403182333899e+02	4.331699447506470735e-03
-7.193456072706999294e+02	4.577211993087870051e-03
-7.193122742231664688e+02	4.781123899519183935e-03
-7.192789411756330082e+02	5.054107728418496051e-03
-7.192456081280995477e+02	5.283636467266672812e-03
-7.192122750805662008e+02	5.423216972755649269e-03
-7.191789420330327403e+02	5.616703739621311912e-03
-7.191456089854992797e+02	5.684600751971984403e-03
-7.191122759379658191e+02	5.736354007165837300e-03
-7.190789428904323586e+02	5.606298276300298623e-03
-7.190456098428988980e+02	5.473249025608713410e-03
-7.190122767953655512e+02	5.210581370083541657e-03
-7.189789437478320906e+02	4.817614610748951857e-03
-7.189456107002986300e+02	4.367852847210030622e-03
-7.189122776527651695e+02	3.875209690920841058e-03
-7.188789446052317089e+02	3.367155150392350197e-03
-7.188456115576982484e+02	2.914056097915691118e-03
-7.188122785101649015e+02	2.468116405994454435e-03
-7.187789454626314409e+02	2.101709771884990603e-03
-7.187456124150979804e+02	1.775886226244049494e-03
-7.187122793675645198e+02	1.639685033172415219e-03
-7.186789463200310593e+02	1.649077863884779345e-03
-7.186456132724975987e+02	1.759001717692244881e-03
-7.186122802249642518e+02	2.057967457634175736e-03
-7.185789471774307913e+02	2.525551231882697516e-03
-7.185456141298973307e+02	3.190599613705628543e-03
-7.185122810823638702e+02	4.016724471652181883e-03
-7.184789480348304096e+02	5.151498618937207057e-03
-7.184456149872969490e+02	6.496374581637077116e-03
-7.184122819397636022e+02	8.145439870203406707e-03
-7.183789488922301416e+02	1.008540829327943082e-02
-7.183456158446966811e+02	1.233238123940668361e-02
-7.183122827971632205e+02	1.484429167285267713e-02
-7.182789497496297599e+02	1.765817349300541697e-02
-7.182456167020964131e+02	2.070076993038701824e-02
-7.182122836545629525e+02	2.401377992927273414e-02
-7.181789506070294919e+02	2.746660405347542411e-02
-7.181456175594960314e+02	3.090913765621421463e-02
-7.181122845119625708e+02	3.429886650645082996e-02
-7.180789514644291103e+02	3.757928751510967308e-02
-7.180456184168956497e+02	4.054373720487976923e-02
-7.180122853693623028e+02	4.311104984061617240e-02
-7.179789523218288423e+02	4.516004112676060694e-02
-7.179456192742953817e+02	4.657722452414621295e-02
-7.179122862267619212e+02	4.728102136985209286e-02
-7.178789531792284606e+02	4.721928875964528927e-02
-7.178456201316951137e+02	4.634986435367788316e-02
-7.178122870841616532e+02	4.465740800992564624e-02
-7.177789540366281926e+02	4.215516591636100929e-02
-7.177456209890947321e+02	3.890315115301073989e-02
-7.177122879415612715e+02	3.491762079878222430e-02
-7.176789548940278110e+02	3.025294604829596723e-02
-7.176456218464944641e+02	2.491615556033181800e-02
-7.176122887989610035e+02	1.881841644532233904e-02
-7.175789557514275430e+02	1.208773545628137776e-02
-7.175456227038940824e+02	4.559575615076592696e-03
-7.175122896563606218e+02	-3.806119725523804398e-03
-7.174789566088271613e+02	-1.300358336264256093e-02
-7.174456235612938144e+02	-2.313697471923948160e-02
-7.174122905137603539e+02	-3.412194021784369091e-02
-7.173789574662268933e+02	-4.583569312946040447e-02
-7.173456244186934327e+02	-5.808474931276692843e-02
-7.173122913711599722e+02	-7.039965874890836972e-02
-7.172789583236265116e+02	-8.220873041076276477e-02
-7.172456252760931648e+02	-9.265275734390936158e-02
-7.172122922285597042e+02	-1.007934969413972898e-01
-7.171789591810262436e+02	-1.055242032164183524e-01
-7.171456261334927831e+02	-1.056506761366360486e-01
-7.171122930859593225e+02	-1.000698669139355318e-01
-7.170789600384259757e+02	-8.778230043806280192e-02
-7.170456269908925151e+02	-6.809400609882368394e-02
-7.170122939433590545e+02	-4.069589333256122543e-02
-7.169789608958255940e+02	-5.631717635941586343e-03
-7.169456278482921334e+02	3.623002039106365535e-02
-7.169122948007586729e+02	8.360963507609298073e-02
-7.168789617532252123e+02	1.347417443350784338e-01
-7.168456287056918654e+02	1.874556380485850327e-01
-7.168122956581584049e+02	2.392552329967831959e-01
-7.167789626106249443e+02	2.876823672390155240e-01
-7.167456295630914838e+02	3.303958092022376003e-01
-7.167122965155580232e+02	3.656121119413814347e-01
-7.166789634680246763e+02	3.920458096674053761e-01
-7.166456304204912158e+02	4.092408568541134883e-01
-7.166122973729577552e+02	4.173960690290458020e-01
-7.165789643254242947e+02	4.171952546365197967e-01
-7.165456312778908341e+02	4.100186678886051372e-01
-7.165122982303573735e+02	3.969144466780466507e-01
-7.164789651828240267e+02	3.790070633805316391e-01
-7.164456321352905661e+02	3.568201015997631842e-01
-7.164122990877571056e+02	3.303024921671305347e-01
-7.163789660402236450e+02	2.986727149037036178e-01
-7.163456329926901844e+02	2.606267718216448981e-01
-7.163122999451567239e+02	2.145991730973441924e-01
-7.162789668976233770e+02	1.590069521919908191e-01
-7.162456338500899165e+02	9.266654601208522413e-02
-7.162123008025564559e+02	1.506028340808256323e-02
-7.161789677550229953e+02	-7.375974332344455153e-02
-7.161456347074895348e+02	-1.729352859959971123e-01
-7.161123016599560742e+02	-2.811792933973835118e-01
-7.160789686124227273e+02	-3.971070685055414495e-01
-7.160456355648892668e+02	-5.192544241964195395e-01
-7.160123025173558062e+02	-6.463245014412899447e-01
-7.159789694698223457e+02	-7.770584799878963445e-01
-7.159456364222888851e+02	-9.099484612300612341e-01
-7.159123033747555382e+02	-1.042995056726076619e+00
-7.158789703272220777e+02	-1.173285418181813977e+00
-7.158456372796886171e+02	-1.296492752669602400e+00
-7.158123042321551566e+02	-1.406886001744735104e+00
-7.157789711846216960e+02	-1.497321018312014917e+00
-7.157456381370882355e+02	-1.559754966192579584e+00
-7.157123050895547749e+02	-1.585733926626513579e+00
-7.156789720420214280e+02	-1.567391503033185751e+00
-7.156456389944879675e+02	-1.498405564005756752e+00
-7.156123059469545069e+02	-1.374504664272381049e+00
-7.155789728994210463e+02	-1.194216918705895969e+00
-7.155456398518875858e+02	-9.587879249115408564e-01
-7.155123068043542389e+02	-6.724540172242752245e-01
-7.154789737568207784e+02	-3.425198489408105562e-01
-7.154456407092873178e+02	2.074351963973855573e-02
-7.154123076617538572e+02	4.043918542047533204e-01
-7.153789746142203967e+02	7.928620713342640069e-01
-7.153456415666869361e+02	1.169025251206477378e+00
-7.153123085191535893e+02	1.514832115456679729e+00
-7.152789754716201287e+02	1.812964879273421648e+00
-7.152456424240866681e+02	2.047510021858802265e+00
-7.152123093765532076e+02	2.206003844090564936e+00
-7.151789763290197470e+02	2.280341417579837771e+00
-7.151456432814862865e+02	2.268422729764575152e+00
-7.151123102339529396e+02	2.173826613335944291e+00
-7.150789771864194790e+02	2.005632086382031165e+00
-7.150456441388860185e+02	1.776565813202320987e+00
-7.150123110913525579e+02	1.501598887518830194e+00
-7.149789780438190974e+02	1.196910941026052999e+00
-7.149456449962856368e+02	8.784696237433636812e-01
-7.149123119487522899e+02	5.615886477623058815e-01
-7.148789789012188294e+02	2.603630809729325368e-01
-7.148456458536853688e+02	-1.268008875728249621e-02
-7.148123128061519083e+02	-2.474962204504297381e-01
-7.147789797586184477e+02	-4.369276317721305647e-01
-7.147456467110851008e+02	-5.771901891078221603e-01
-7.147123136635516403e+02	-6.680570865726510599e-01
-7.146789806160181797e+02	-7.129546712046608281e-01
-7.146456475684847192e+02	-7.182235896686582910e-01
-7.146123145209512586e+02	-6.923649533383479104e-01
-7.145789814734177980e+02	-6.444953501777547222e-01
-7.145456484258843375e+02	-5.831939970202388857e-01
-7.145123153783509906e+02	-5.155255178125316418e-01
-7.144789823308175301e+02	-4.464414959428980034e-01
-7.144456492832840695e+02	-3.790118001977412221e-01
-7.144123162357506089e+02	-3.146872347743682186e-01
-7.143789831882171484e+02	-2.540565451667823882e-01
-7.143456501406838015e+02	-1.975547872674971450e-01
-7.143123170931503410e+02	-1.459121946498245781e-01
-7.142789840456168804e+02	-1.003593302268168813e-01
-7.142456509980834198e+02	-6.244160149696802858e-02
-7.142123179505499593e+02	-3.367885519597999672e-02
-7.141789849030164987e+02	-1.493355287139437777e-02
-7.141456518554831518e+02	-5.865531366086310788e-03
-7.141123188079496913e+02	-5.025911687449149783e-03
-7.140789857604162307e+02	-9.878720273192248894e-03
-7.140456527128827702e+02	-1.744983166967003368e-02
-7.140123196653493096e+02	-2.513431915377246570e-02
-7.139789866178158491e+02	-3.148189913764328635e-02
-7.139456535702825022e+02	-3.622945366152501706e-02
-7.139123205227490416e+02	-3.988995555080075001e-02
-7.138789874752155811e+02	-4.324760213618589894e-02
-7.138456544276821205e+02	-4.668542232424129773e-02
-7.138123213801486600e+02	-4.956397861421245332e-02
-7.137789883326151994e+02	-5.040093013448306708e-02
-7.137456552850818525e+02	-4.761311536981076981e-02
-7.137123222375483920e+02	-4.002730335509367687e-02
-7.136789891900149314e+02	-2.803254171793001862e-02
-7.136456561424814709e+02	-1.332107142495778974e-02
-7.136123230949480103e+02	1.356112798566085466e-03
-7.135789900474145497e+02	1.308851862696654156e-02
-7.135456569998812029e+02	1.980243963156276196e-02
-7.135123239523477423e+02	2.089473974405665208e-02
-7.134789909048142817e+02	1.702598350903882646e-02
-7.134456578572808212e+02	9.897840818579943176e-03
-7.134123248097473606e+02	1.244149561571730039e-03
-7.133789917622139001e+02	-7.462339067348156690e-03
-7.133456587146805532e+02	-1.545017939168045855e-02
-7.133123256671470926e+02	-2.252481603224694776e-02
-7.132789926196136321e+02	-2.821531687884088271e-02
-7.132456595720801715e+02	-3.199829101581628393e-02
-7.132123265245467110e+02	-3.300138349136285537e-02
-7.131789934770133641e+02	-3.049361228006745861e-02
-7.131456604294799035e+02	-2.445017410357234675e-02
-7.131123273819464430e+02	-1.552406270137595377e-02
-7.130789943344129824e+02	-5.415693849435278262e-03
-7.130456612868795219e+02	3.844389618642304624e-03
-7.130123282393460613e+02	1.058235837401299423e-02
-7.129789951918127144e+02	1.373822980960133500e-02
-7.129456621442792539e+02	1.336923093867074981e-02
-7.129123290967457933e+02	9.785720882351637423e-03
-7.128789960492123328e+02	3.607715662334027955e-03
-7.128456630016788722e+02	-4.802577778284745393e-03
-7.128123299541454116e+02	-1.516118532476958512e-02
-7.127789969066120648e+02	-2.691829761749103128e-02
-7.127456638590786042e+02	-3.889778560605367669e-02
-7.127123308115451437e+02	-4.921330444783095226e-02
-7.126789977640116831e+02	-5.564322143735742077e-02
-7.126456647164782225e+02	-5.640001898774304329e-02
-7.126123316689447620e+02	-5.083214742764583655e-02
-7.125789986214114151e+02	-3.971232359616728991e-02
-7.125456655738779546e+02	-2.504096970719627349e-02
-7.125123325263444940e+02	-9.327493978695436394e-03
-7.124789994788110334e+02	5.465161475747309233e-03
-7.124456664312775729e+02	1.806166164072545155e-02
-7.124123333837441123e+02	2.823483172742591654e-02
-7.123790003362107655e+02	3.618166446000749270e-02
-7.123456672886773049e+02	4.211520634437256050e-02
-7.123123342411438443e+02	4.581530495248484908e-02
-7.122790011936103838e+02	4.669205507323865439e-02
-7.122456681460769232e+02	4.398938196418106239e-02
-7.122123350985434627e+02	3.712131049825254797e-02
-7.121790020510101158e+02	2.635101385105400110e-02
-7.121456690034766552e+02	1.252661947551643798e-02
-7.121123359559431947e+02	-2.736964577949795377e-03
-7.120790029084097341e+02	-1.736893362086782203e-02
-7.120456698608762736e+02	-2.941790392458267997e-02
-7.120123368133429267e+02	-3.746900813707157440e-02
-7.119790037658094661e+02	-4.096152647827259324e-02
-7.119456707182760056e+02	-4.028715209968776467e-02
-7.119123376707425450e+02	-3.672670383626054635e-02
-7.118790046232090845e+02	-3.163411652476605385e-02
-7.118456715756756239e+02	-2.601887384818158885e-02
-7.118123385281422770e+02	-2.007434750761712475e-02
-7.117790054806088165e+02	-1.353163025877399811e-02
-7.117456724330753559e+02	-6.261305787341340558e-03
-7.117123393855418954e+02	1.423692369067891105e-03
-7.116790063380084348e+02	8.300956383207994810e-03
-7.116456732904749742e+02	1.278871464599934046e-02
-7.116123402429416274e+02	1.386923253568188470e-02
-7.115790071954081668e+02	1.149052952553277634e-02
-7.115456741478747063e+02	6.837169520343583037e-03
-7.115123411003412457e+02	1.515785812704272982e-03
-7.114790080528077851e+02	-3.075118498976739650e-03
-7.114456750052743246e+02	-6.280192160357688479e-03
-7.114123419577409777e+02	-8.410865570672134556e-03
-7.113790089102075171e+02	-9.970072217591234923e-03
-7.113456758626740566e+02	-1.117322234808299300e-02
-7.113123428151405960e+02	-1.149084032845291634e-02
-7.112790097676071355e+02	-9.899134369090692442e-03
-7.112456767200736749e+02	-5.761760561713199710e-03
-7.112123436725403280e+02	9.889174815654996811e-04
-7.111790106250068675e+02	9.389885857748888134e-03
-7.111456775774734069e+02	1.820741543606321441e-02
-7.111123445299399464e+02	2.641164579781260513e-02
-7.110790114824064858e+02	3.329504560223077447e-02
-7.110456784348730253e+02	3.861380859360365181e-02
-7.110123453873396784e+02	4.247714869104038393e-02
-7.109790123398062178e+02	4.471266598844010620e-02
-7.109456792922727573e+02	4.516272139306067718e-02
-7.109123462447392967e+02	4.362929968747128462e-02
-7.108790131972058361e+02	4.022467311550285279e-02
-7.108456801496724893e+02	3.532692624937534831e-02
-7.108123471021390287e+02	2.940110962671744349e-02
-7.107790140546055682e+02	2.294029877427187711e-02
-7.107456810070721076e+02	1.639529132803614273e-02
-7.107123479595386470e+02	1.038768195213513566e-02
-7.106790149120051865e+02	5.412653705353741469e-03
-7.106456818644718396e+02	1.838906178341136090e-03
-7.106123488169383791e+02	-1.980070718086729300e-04
-7.105790157694049185e+02	-9.130667958073929950e-04
-7.105456827218714579e+02	-8.218853566030148673e-04
-7.105123496743379974e+02	-2.925789965325638689e-04
-7.104790166268045368e+02	6.521593059270821982e-04
-7.104456835792711900e+02	2.043599025704183683e-03
-7.104123505317377294e+02	4.023971081609674198e-03
-7.103790174842042688e+02	6.391071285974605880e-03
-7.103456844366708083e+02	8.707522912203955259e-03
-7.103123513891373477e+02	1.037941853197996665e-02
-7.102790183416038872e+02	1.105723944645345055e-02
-7.102456852940705403e+02	1.069691544812740973e-02
-7.102123522465370797e+02	9.500367768475860217e-03
-7.101790191990036192e+02	7.730592243307475402e-03
-7.101456861514701586e+02	5.400722617733685546e-03
-7.101123531039366981e+02	2.289182707684902715e-03
-7.100790200564032375e+02	-1.785910802588984566e-03
-7.100456870088698906e+02	-6.915279726234749291e-03
-7.100123539613364301e+02	-1.324348411272002930e-02
-7.099790209138029695e+02	-2.066133226028671332e-02
-7.099456878662695090e+02	-2.911144823937801898e-02
-7.099123548187360484e+02	-3.834203591538722783e-02
-7.098790217712025878e+02	-4.825544873455681061e-02
-7.098456887236692410e+02	-5.866787383448945209e-02
-7.098123556761357804e+02	-6.942264624249455673e-02
-7.097790226286023199e+02	-8.030585562971878644e-02
-7.097456895810688593e+02	-9.105868226847085856e-02
-7.097123565335353987e+02	-1.012343120203671315e-01
-7.096790234860020519e+02	-1.102231249739395458e-01
-7.096456904384685913e+02	-1.173443880728615302e-01
-7.096123573909351308e+02	-1.218907258014241685e-01
-7.095790243434016702e+02	-1.235160785118466220e-01
-7.095456912958682096e+02	-1.219365969413136047e-01
-7.095123582483347491e+02	-1.171746966781221089e-01
-7.094790252008012885e+02	-1.090333688941187290e-01
-7.094456921532679416e+02	-9.739118764064971789e-02
-7.094123591057344811e+02	-8.217974269912961538e-02
-7.093790260582010205e+02	-6.352070701315164214e-02
-7.093456930106675600e+02	-4.193331083758718852e-02
-7.093123599631340994e+02	-1.817309723191888257e-02
-7.092790269156007525e+02	6.999700561966620133e-03
-7.092456938680672920e+02	3.273896657026198476e-02
-7.092123608205338314e+02	5.817304494862654551e-02
-7.091790277730003709e+02	8.238696246342275264e-02
-7.091456947254669103e+02	1.047992797698594769e-01
-7.091123616779334498e+02	1.247040087642442147e-01
-7.090790286304001029e+02	1.415137280486349347e-01
-7.090456955828666423e+02	1.546042920422738554e-01
-7.090123625353331818e+02	1.634588750472773244e-01
-7.089790294877997212e+02	1.675902921466383422e-01
-7.089456964402662607e+02	1.669132377352528784e-01
-7.089123633927328001e+02	1.615878100090367420e-01
-7.088790303451994532e+02	1.521214595856704155e-01
-7.088456972976659927e+02	1.390821808917281077e-01
-7.088123642501325321e+02	1.231381444485178250e-01
-7.087790312025990715e+02	1.048592592809058505e-01
-7.087456981550656110e+02	8.487964938129181902e-02
-7.087123651075321504e+02	6.392091771744658202e-02
-7.086790320599988036e+02	4.278283237470270617e-02
-7.086456990124653430e+02	2.236516546571979194e-02
-7.086123659649318824e+02	3.322325315173592624e-03
-7.085790329173984219e+02	-1.374204566395463567e-02
-7.085456998698649613e+02	-2.844433771433965003e-02
-7.085123668223316145e+02	-4.046247597085719794e-02
-7.084790337747981539e+02	-4.960886198785401102e-02
-7.084457007272646933e+02	-5.589539679866414867e-02
-7.084123676797312328e+02	-5.959671624155108566e-02
-7.083790346321977722e+02	-6.091036442402143064e-02
-7.083457015846643117e+02	-6.001191707865733554e-02
-7.083123685371308511e+02	-5.717267060698424941e-02
-7.082790354895975042e+02	-5.261469809679523296e-02
-7.082457024420640437e+02	-4.681042692447214687e-02
-7.082123693945305831e+02	-4.029792653793333457e-02
-7.081790363469971226e+02	-3.353551039015049973e-02
-7.081457032994636620e+02	-2.694068473822021012e-02
-7.081123702519303151e+02	-2.069206731763172449e-02
-7.080790372043968546e+02	-1.499345777694659904e-02
-7.080457041568633940e+02	-9.979978559595642854e-03
-7.080123711093299335e+02	-5.887672767768199755e-03
-7.079790380617964729e+02	-2.803711402828598567e-03
-7.079457050142630123e+02	-7.135301971746546221e-04
-7.079123719667296655e+02	4.677199556293485608e-04
-7.078790389191962049e+02	7.936608072002742471e-04
-7.078457058716627444e+02	4.140642964429322795e-04
-7.078123728241292838e+02	-5.745899399588459168e-04
-7.077790397765958232e+02	-1.917731056338152886e-03
-7.077457067290623627e+02	-3.339853982816070113e-03
-7.077123736815290158e+02	-4.548540241288768701e-03
-7.076790406339955553e+02	-5.494710542828021120e-03
-7.076457075864620947e+02	-6.146420520150797095e-03
-7.076123745389286341e+02	-6.530175143325289179e-03
-7.075790414913951736e+02	-6.538292821469049269e-03
-7.075457084438617130e+02	-6.065404242475514428e-03
-7.075123753963283662e+02	-5.109353171695975651e-03
-7.074790423487949056e+02	-3.661391518411966084e-03
-7.074457093012614450e+02	-1.869589456216679295e-03
-7.074123762537279845e+02	5.875048748188146567e-05
-7.073790432061945239e+02	2.041849946007479044e-03
-7.073457101586611770e+02	4.161949487037941084e-03
-7.073123771111277165e+02	6.207793301538287907e-03
-7.072790440635942559e+02	8.180378995230788708e-03
-7.072457110160607954e+02	9.988716796126602057e-03
-7.072123779685273348e+02	1.160164938037153495e-02
-7.071790449209938743e+02	1.303810283495136606e-02
-7.071457118734604137e+02	1.424056788962710721e-02
-7.071123788259270668e+02	1.510432908580131885e-02
-7.070790457783936063e+02	1.559463235163487116e-02
-7.070457127308601457e+02	1.552893530999846158e-02
-7.070123796833266852e+02	1.498723513115818133e-02
-7.069790466357932246e+02	1.401834407309266069e-02
-7.069457135882598777e+02	1.269807773071235206e-02
-7.069123805407264172e+02	1.104960084689142474e-02
-7.068790474931929566e+02	9.033221351741936925e-03
-7.068457144456594961e+02	6.527935240853668074e-03
-7.068123813981260355e+02	3.756946621442971024e-03
-7.067790483505925749e+02	7.696831252816899258e-04
-7.067457153030592281e+02	-2.257266739809541713e-03
-7.067123822555257675e+02	-5.209967729997575653e-03
-7.066790492079923069e+02	-8.006600586286966026e-03
-7.066457161604588464e+02	-1.058164145431805640e-02
-7.066123831129253858e+02	-1.285970927621050974e-02
-7.065790500653919253e+02	-1.480143017091933681e-02
-7.065457170178585784e+02	-1.642130811635715906e-02
-7.065123839703251178e+02	-1.771066023808655701e-02
-7.064790509227916573e+02	-1.850132619608555254e-02
-7.064457178752581967e+02	-1.872033585590831758e-02
-7.064123848277247362e+02	-1.823481867827162969e-02
-7.063790517801912756e+02	-1.706178079688083077e-02
-7.063457187326579287e+02	-1.535647886943310170e-02
-7.063123856851244682e+02	-1.318646375341876731e-02
-7.062790526375910076e+02	-1.081070531687955416e-02
-7.062457195900575471e+02	-8.200787244193201431e-03
-7.062123865425240865e+02	-5.441055483943763732e-03
-7.061790534949907396e+02	-2.631890248688961795e-03
-7.061457204474572791e+02	1.069371131784958411e-04
-7.061123873999238185e+02	2.704949134799866477e-03
-7.060790543523903580e+02	5.029289148233528906e-03
-7.060457213048568974e+02	7.047992298336717629e-03
-7.060123882573234368e+02	8.684243112545359661e-03
-7.059790552097899763e+02	9.852186320977071934e-03
-7.059457221622566294e+02	1.068190329452364286e-02
-7.059123891147231689e+02	1.120060845540469217e-02
-7.058790560671897083e+02	1.141897355052451553e-02
-7.058457230196562477e+02	1.140300694146613621e-02
-7.058123899721227872e+02	1.117380076115958611e-02
-7.057790569245894403e+02	1.079593467947604669e-02
-7.057457238770559798e+02	1.038065228870715950e-02
-7.057123908295225192e+02	9.952180252544323702e-03
-7.056790577819890586e+02	9.666916518239546119e-03
-7.056457247344555981e+02	9.568072730788986999e-03
-7.056123916869221375e+02	9.598914185125380361e-03
-7.055790586393887907e+02	9.552572282207041215e-03
-7.055457255918553301e+02	9.430177974965064935e-03
-7.055123925443218695e+02	9.108332622536361237e-03
-7.054790594967884090e+02	8.564409759341896911e-03
-7.054457264492549484e+02	7.801676204083608096e-03
-7.054123934017214879e+02	6.826579056688896786e-03
-7.053790603541881410e+02	5.621018537356230887e-03
-7.053457273066546804e+02	4.291381011467920725e-03
-7.053123942591212199e+02	2.831344579734786180e-03
-7.052790612115877593e+02	1.229359007438387760e-03
-7.052457281640542988e+02	-4.407105692495848887e-04
-7.052123951165208382e+02	-2.023402294802192740e-03
-7.051790620689874913e+02	-3.454070013910979630e-03
-7.051457290214540308e+02	-4.538531081070570558e-03
-7.051123959739205702e+02	-5.284867863810820132e-03
-7.050790629263871097e+02	-5.708933614693252265e-03
-7.050457298788536491e+02	-5.790693664266637758e-03
-7.050123968313201885e+02	-5.658380595648066641e-03
-7.049790637837868417e+02	-5.132537372322958438e-03
-7.049457307362533811e+02	-4.356508344164355256e-03
-7.049123976887199206e+02	-3.318021382405260660e-03
-7.048790646411864600e+02	-2.136425132452777001e-03
-7.048457315936529994e+02	-9.032294221886832866e-04
-7.048123985461195389e+02	2.284618281710709806e-04
-7.047790654985861920e+02	1.216267951602474596e-03
-7.047457324510527314e+02	2.037996704765898670e-03
-7.047123994035192709e+02	2.789427799848961942e-03
-7.046790663559858103e+02	3.430871894834900456e-03
-7.046457333084523498e+02	4.116627343687799014e-03
-7.046124002609190029e+02	4.743868684659513155e-03
-7.045790672133855423e+02	5.374032183635482629e-03
-7.045457341658520818e+02	5.895045559992390799e-03
-7.045124011183186212e+02	6.182049744245250722e-03
-7.044790680707851607e+02	6.329718164306137942e-03
-7.044457350232517001e+02	6.286865958095478810e-03
-7.044124019757183532e+02	6.154062233152703815e-03
-7.043790689281848927e+02	6.087476502552891314e-03
-7.043457358806514321e+02	6.000130302128364214e-03
-7.043124028331179716e+02	5.967656560768488938e-03
-7.042790697855845110e+02	5.876601588429653487e-03
-7.042457367380510505e+02	5.639587196156350436e-03
-7.042124036905177036e+02	5.222387041897970546e-03
-7.041790706429842430e+02	4.746724346724707014e-03
-7.041457375954507825e+02	4.091938702526659068e-03
-7.041124045479173219e+02	3.464418335776846356e-03
-7.040790715003838613e+02	2.876536164600600794e-03
-7.040457384528504008e+02	2.332046954853953663e-03
-7.040124054053170539e+02	1.800558080342587897e-03
-7.039790723577835934e+02	1.301754455143205261e-03
-7.039457393102501328e+02	6.588303420057761359e-04
-7.039124062627166722e+02	-2.307623749221270805e-05
-7.038790732151832117e+02	-7.963895462504205422e-04
-7.038457401676497511e+02	-1.602308341444343490e-03
-7.038124071201164043e+02	-2.469056537406097342e-03
-7.037790740725829437e+02	-3.353832145466381729e-03
-7.037457410250494831e+02	-4.247780418747863253e-03
-7.037124079775160226e+02	-5.331103308326502581e-03
-7.036790749299825620e+02	-6.456852862553010691e-03
-7.036457418824491015e+02	-7.651530677951964669e-03
-7.036124088349157546e+02	-8.795454623012668657e-03
-7.035790757873822940e+02	-9.806798026815177066e-03
-7.035457427398488335e+02	-1.067171745660397408e-02
-7.035124096923153729e+02	-1.119044882918892106e-02
-7.034790766447819124e+02	-1.143530637098751947e-02
-7.034457435972485655e+02	-1.137408261344979160e-02
-7.034124105497151049e+02	-1.116610072047563747e-02
-7.033790775021816444e+02	-1.070573856873655028e-02
-7.033457444546481838e+02	-9.996567613335092389e-03
-7.033124114071147233e+02	-9.005492401579552955e-03
-7.032790783595812627e+02	-7.664759269852755748e-03
-7.032457453120479158e+02	-6.025298786385299872e-03
-7.032124122645144553e+02	-4.113208384565733566e-03
-7.031790792169809947e+02	-2.114357188860902913e-03
-7.031457461694475342e+02	-6.874264033642785707e-05
-7.031124131219140736e+02	1.937952245912607932e-03
-7.030790800743806130e+02	3.812482265834648849e-03
-7.030457470268472662e+02	5.546144610207839366e-03
-7.030124139793138056e+02	7.262265964542350023e-03
-7.029790809317803451e+02	8.908433805291816193e-03
-7.029457478842468845e+02	1.042235073234265910e-02
-7.029124148367134239e+02	1.173272880423905859e-02
-7.028790817891799634e+02	1.282284865057219808e-02
-7.028457487416466165e+02	1.354143560266227349e-02
-7.028124156941131560e+02	1.390096417329923784e-02
-7.027790826465796954e+02	1.398418247849160176e-02
-7.027457495990462348e+02	1.377636548874275162e-02
-7.027124165515127743e+02	1.330137509113049274e-02
-7.026790835039793137e+02	1.265196032231392931e-02
-7.026457504564459668e+02	1.174369318792979275e-02
-7.026124174089125063e+02	1.059106136261710532e-02
-7.025790843613790457e+02	9.284774012402461849e-03
-7.025457513138455852e+02	7.756808984544524485e-03
-7.025124182663121246e+02	6.049567211895988221e-03
-7.024790852187786641e+02	4.295272291747758917e-03
-7.024457521712453172e+02	2.553720546976519842e-03
-7.024124191237118566e+02	8.809368776590421456e-04
-7.023790860761783961e+02	-6.149133476153048400e-04
-7.023457530286449355e+02	-1.905827343349578498e-03
-7.023124199811114750e+02	-2.924765572946353299e-03
-7.022790869335781281e+02	-3.627954841568927901e-03
-7.022457538860446675e+02	-4.112835300056488785e-03
-7.022124208385112070e+02	-4.212103930124724664e-03
-7.021790877909777464e+02	-4.006998097765846964e-03
-7.021457547434442859e+02	-3.481310354975963167e-03
-7.021124216959108253e+02	-2.613520633675430957e-03
-7.020790886483774784e+02	-1.548283006686850634e-03
-7.020457556008440179e+02	-3.330247770581669592e-04
-7.020124225533105573e+02	9.736751640716347685e-04
-7.019790895057770967e+02	2.244183316045268370e-03
-7.019457564582436362e+02	3.454525782922514970e-03
-7.019124234107101756e+02	4.656513338153984126e-03
-7.018790903631768288e+02	5.799273087465577070e-03
-7.018457573156433682e+02	6.788709964686352911e-03
-7.018124242681099076e+02	7.609144565589000091e-03
-7.017790912205764471e+02	8.212894601766192529e-03
-7.017457581730429865e+02	8.523289644813480254e-03
-7.017124251255095260e+02	8.528916246512252552e-03
-7.016790920779761791e+02	8.301312081435072154e-03
-7.016457590304427185e+02	7.940156914966273183e-03
-7.016124259829092580e+02	7.467233773519336461e-03
-7.015790929353757974e+02	6.833371405222884304e-03
-7.015457598878423369e+02	6.093636859045285792e-03
-7.015124268403088763e+02	5.280497461140378802e-03
-7.014790937927755294e+02	4.383335549353370442e-03
-7.014457607452420689e+02	3.388195892832273921e-03
-7.014124276977086083e+02	2.447922782037667642e-03
-7.013790946501751478e+02	1.561675930357633814e-03
-7.013457616026416872e+02	7.314966032950823930e-04
-7.013124285551082266e+02	-3.696801077983217533e-05
-7.012790955075748798e+02	-7.193556858166370686e-04
-7.012457624600414192e+02	-1.313070047380954361e-03
-7.012124294125079587e+02	-1.880936907234764246e-03
-7.011790963649744981e+02	-2.332207359022387110e-03
-7.011457633174410375e+02	-2.698484150301229487e-03
-7.011124302699076907e+02	-3.044824202352565921e-03
-7.010790972223742301e+02	-3.322836113586359955e-03
-7.010457641748407696e+02	-3.642548314812818835e-03
-7.010124311273073090e+02	-3.924932965056326419e-03
-7.009790980797738484e+02	-4.218656498620555750e-03
-7.009457650322403879e+02	-4.441412173645478689e-03
-7.009124319847069273e+02	-4.802359991492506988e-03
-7.008790989371735805e+02	-5.107235394769866869e-03
-7.008457658896401199e+02	-5.466442472604767129e-03
-7.008124328421066593e+02	-5.844004012799532133e-03
-7.007790997945731988e+02	-6.239202173579403571e-03
-7.007457667470397382e+02	-6.624516157758134245e-03
-7.007124336995063913e+02	-7.003204844711892300e-03
-7.006791006519729308e+02	-7.371581067956443738e-03
-7.006457676044394702e+02	-7.717948997066475907e-03
-7.006124345569060097e+02	-8.003666047771224035e-03
-7.005791015093725491e+02	-8.216752824128517943e-03
-7.005457684618390886e+02	-8.324346175675343892e-03
-7.005124354143057417e+02	-8.342944657270891934e-03
-7.004791023667722811e+02	-8.223207347164668279e-03
-7.004457693192388206e+02	-7.964962436720500819e-03
-7.004124362717053600e+02	-7.595757048470119267e-03
-7.003791032241718995e+02	-7.227737475974212004e-03
-7.003457701766384389e+02	-6.713951901598290938e-03
-7.003124371291050920e+02	-6.106995317046136351e-03
-7.002791040815716315e+02	-5.466508294702494310e-03
-7.002457710340381709e+02	-4.815056607826577115e-03
-7.002124379865047104e+02	-4.118531479331594310e-03
-7.001791049389712498e+02	-3.378934912929921867e-03
-7.001457718914377892e+02	-2.709400895749075871e-03
-7.001124388439044424e+02	-2.097581366323881223e-03
-7.000791057963709818e+02	-1.475228233969632166e-03
-7.000457727488375212e+02	-8.918173834982038315e-04
-7.000124397013040607e+02	-3.754345996429030510e-04
-6.999791066537706001e+02	8.541755828426212120e-05
-6.999457736062372533e+02	4.510849565945734981e-04
-6.999124405587037927e+02	7.601586811283171955e-04
-6.998791075111703321e+02	9.900760589191743340e-04
-6.998457744636368716e+02	1.152666306553143871e-03
-6.998124414161034110e+02	1.227922398382047834e-03
-6.997791083685699505e+02	1.295917526724772685e-03
-6.997457753210364899e+02	1.301254026217443316e-03
-6.997124422735031430e+02	1.253225220292635651e-03
-6.996791092259696825e+02	1.255856837219273582e-03
-6.996457761784362219e+02	1.203974579570466939e-03
-6.996124431309027614e+02	1.194424549120954356e-03
-6.995791100833693008e+02	1.219981758571132098e-03
-6.995457770358359539e+02	1.227354561465557369e-03
-6.995124439883024934e+02	1.300591614890027380e-03
-6.994791109407690328e+02	1.378909019577241948e-03
-6.994457778932355723e+02	1.463695312335156970e-03
-6.994124448457021117e+02	1.598056346949672593e-03
-6.993791117981686511e+02	1.730378170881469646e-03
-6.993457787506353043e+02	1.903045354855639358e-03
-6.993124457031018437e+02	2.083265271486871989e-03
-6.992791126555683832e+02	2.198226889403610395e-03
-6.992457796080349226e+02	2.386083604560075393e-03
-6.992124465605014620e+02	2.543003877768052531e-03
-6.991791135129680015e+02	2.717846798269789137e-03
-6.991457804654346546e+02	2.857710147798413550e-03
-6.991124474179011941e+02	3.032299971158109245e-03
-6.990791143703677335e+02	3.252459248262870410e-03
-6.990457813228342729e+02	3.426308813526419712e-03
-6.990124482753008124e+02	3.612700446442166594e-03
-6.989791152277673518e+02	3.864258972607916703e-03
-6.989457821802340050e+02	4.165142463215966602e-03
-6.989124491327005444e+02	4.400045831756056389e-03
-6.988791160851670838e+02	4.662406644713409411e-03
-6.988457830376336233e+02	4.923521382587852172e-03
-6.988124499901001627e+02	5.238653460445198695e-03
-6.987791169425668159e+02	5.512484479203727701e-03
-6.987457838950333553e+02	5.758072144513596766e-03
-6.987124508474998947e+02	6.031874576142006068e-03
-6.986791177999664342e+02	6.226147473857065150e-03
-6.986457847524329736e+02	6.430423727054636329e-03
-6.986124517048995131e+02	6.597780112435522835e-03
-6.985791186573660525e+02	6.705422101899198226e-03
-6.985457856098327056e+02	6.787029315534007755e-03
-6.985124525622992451e+02	6.876514349011535188e-03
-6.984791195147657845e+02	6.849885406869643013e-03
-6.984457864672323240e+02	6.899759108660876404e-03
-6.984124534196988634e+02	6.872457063337228042e-03
-6.983791203721655165e+02	6.811337481222990917e-03
-6.983457873246320560e+02	6.717590555052848147e-03
-6.983124542770985954e+02	6.580763867766758514e-03
-6.982791212295651349e+02	6.461156839465368763e-03
-6.982457881820316743e+02	6.276565998404724789e-03
-6.982124551344982137e+02	6.101102648864036027e-03
-6.981791220869648669e+02	5.950137859116300977e-03
-6.981457890394314063e+02	5.752610576400042294e-03
-6.981124559918979458e+02	5.503780807032487496e-03
-6.980791229443644852e+02	5.331089478063492232e-03
-6.980457898968310246e+02	5.127757321650108606e-03
-6.980124568492975641e+02	4.939387980614156660e-03
-6.979791238017642172e+02	4.819005302460471936e-03
-6.979457907542307566e+02	4.704710470764431746e-03
-6.979124577066972961e+02	4.634551159855038703e-03
-6.978791246591638355e+02	4.578777523739230824e-03
-6.978457916116303750e+02	4.536197911933471938e-03
-6.978124585640969144e+02	4.511874732578175125e-03
-6.977791255165635675e+02	4.567505018553207931e-03
-6.977457924690301070e+02	4.600832464176629437e-03
-6.977124594214966464e+02	4.619176359744992487e-03
-6.976791263739631859e+02	4.670180228426335477e-03
-6.976457933264297253e+02	4.680876667260932752e-03
-6.976124602788963784e+02	4.713735971105529471e-03
-6.975791272313629179e+02	4.708536101287243494e-03
-6.975457941838294573e+02	4.677569169207760995e-03
-6.975124611362959968e+02	4.635937511370256600e-03
-6.974791280887625362e+02	4.584958400440003294e-03
-6.974457950412290757e+02	4.482794249068070870e-03
-6.974124619936956151e+02	4.346136847403891425e-03
-6.973791289461622682e+02	4.141173155619418990e-03
-6.973457958986288077e+02	3.914291057221556784e-03
-6.973124628510953471e+02	3.633648543498309465e-03
-6.972791298035618865e+02	3.275229186052553299e-03
-6.972457967560284260e+02	2.839438850561783450e-03
-6.972124637084950791e+02	2.369190042224979774e-03
-6.971791306609616186e+02	1.793711136461854103e-03
-6.971457976134281580e+02	1.150377295363473433e-03
-6.971124645658946974e+02	4.513240452910340160e-04
-6.970791315183612369e+02	-2.492239649177107512e-04
-6.970457984708277763e+02	-1.027401968842148704e-03
-6.970124654232944295e+02	-1.705887737521915399e-03
-6.969791323757609689e+02	-2.422519776447778182e-03
-6.969457993282275083e+02	-3.050238414288706026e-03
-6.969124662806940478e+02	-3.643462691585996026e-03
-6.968791332331605872e+02	-4.133677056138379199e-03
-6.968458001856271267e+02	-4.527790774201047308e-03
-6.968124671380937798e+02	-4.841248299241756627e-03
-6.967791340905603192e+02	-5.044879271026054407e-03
-6.967458010430268587e+02	-5.170061607652255871e-03
-6.967124679954933981e+02	-5.224297958315052455e-03
-6.966791349479599376e+02	-5.245637909895919937e-03
-6.966458019004264770e+02	-5.183655325708770405e-03
-6.966124688528931301e+02	-5.105625431050842510e-03
-6.965791358053596696e+02	-4.993800891161820181e-03
-6.965458027578262090e+02	-4.889780556299151530e-03
-6.965124697102927485e+02	-4.792774407735609678e-03
-6.964791366627592879e+02	-4.647863984626660928e-03
-6.964458036152258273e+02	-4.478903536609461083e-03
-6.964124705676924805e+02	-4.324510697720179535e-03
-6.963791375201590199e+02	-4.112094095813396445e-03
-6.963458044726255594e+02	-3.935414783862220718e-03
-6.963124714250920988e+02	-3.652297785668313489e-03
-6.962791383775586382e+02	-3.368844650281201895e-03
-6.962458053300251777e+02	-2.997124175090791574e-03
-6.962124722824918308e+02	-2.623333363119410237e-03
-6.961791392349583703e+02	-2.177765372425549077e-03
-6.961458061874249097e+02	-1.604565503036684210e-03
-6.961124731398914491e+02	-1.026586013972767943e-03
-6.960791400923579886e+02	-3.898530495185970231e-04
-6.960458070448246417e+02	2.490594551041146469e-04
-6.960124739972911811e+02	9.358538844818613950e-04
-6.959791409497577206e+02	1.619258647946158255e-03
-6.959458079022242600e+02	2.317952205649164224e-03
-6.959124748546907995e+02	2.990443341838385904e-03
-6.958791418071573389e+02	3.622304649325896238e-03
-6.958458087596239920e+02	4.211653462970537005e-03
-6.958124757120905315e+02	4.768253121213401370e-03
-6.957791426645570709e+02	5.276658704079294042e-03
-6.957458096170236104e+02	5.755166615671529311e-03
-6.957124765694901498e+02	6.121708277045229650e-03
-6.956791435219566893e+02	6.467915564669219665e-03
-6.956458104744233424e+02	6.744136936612879669e-03
-6.956124774268898818e+02	6.974775006228991180e-03
-6.955791443793564213e+02	7.099545537744893393e-03
-6.955458113318229607e+02	7.079394915947125576e-03
-6.955124782842895002e+02	6.995941091631366869e-03
-6.954791452367560396e+02	6.836239709150409433e-03
-6.954458121892226927e+02	6.487829772165490047e-03
-6.954124791416892322e+02	6.048002662361317942e-03
-6.953791460941557716e+02	5.489345923139831579e-03
-6.953458130466223110e+02	4.864932412474229015e-03
-6.953124799990888505e+02	4.097961028951954340e-03
-6.952791469515553899e+02	3.313691099054883338e-03
-6.952458139040220431e+02	2.542588384939862677e-03
-6.952124808564885825e+02	1.731060653589481559e-03
-6.951791478089551219e+02	9.823337696497646578e-04
-6.951458147614216614e+02	2.810605963518087239e-04
-6.951124817138882008e+02	-3.579792976074030997e-04
-6.950791486663547403e+02	-9.499589093110273955e-04
-6.950458156188213934e+02	-1.373625636567021597e-03
-6.950124825712879328e+02	-1.656998353209479481e-03
-6.949791495237544723e+02	-1.810719312522926288e-03
-6.949458164762210117e+02	-1.798687753551034057e-03
-6.949124834286875512e+02	-1.569692694225357458e-03
-6.948791503811542043e+02	-1.277709210836960440e-03
-6.948458173336207437e+02	-8.852757955926838932e-04
-6.948124842860872832e+02	-3.528780495741103791e-04
-6.947791512385538226e+02	2.158077638727481657e-04
-6.947458181910203621e+02	7.322151307118520769e-04
-6.947124851434869015e+02	1.250984449215885533e-03
-6.946791520959535546e+02	1.752284934369214382e-03
-6.946458190484200941e+02	2.146634857753519816e-03
-6.946124860008866335e+02	2.473529220981071468e-03
-6.945791529533531730e+02	2.642466323362847782e-03
-6.945458199058197124e+02	2.795701401899690873e-03
-6.945124868582862518e+02	2.771093835888686907e-03
-6.944791538107529050e+02	2.683473028013978745e-03
-6.944458207632194444e+02	2.532822210077198804e-03
-6.944124877156859839e+02	2.313657380071011335e-03
-6.943791546681525233e+02	2.070174205184246476e-03
-6.943458216206190627e+02	1.792575551327997389e-03
-6.943124885730856022e+02	1.516724356572713090e-03
-6.942791555255522553e+02	1.323139080442683633e-03
-6.942458224780187948e+02	1.106802537548207599e-03
-6.942124894304853342e+02	1.045040810518326185e-03
-6.941791563829518736e+02	1.059702222296579838e-03
-6.941458233354184131e+02	1.115631173634320421e-03
-6.941124902878849525e+02	1.354483433441032924e-03
-6.940791572403516057e+02	1.632804129337548120e-03
-6.940458241928181451e+02	1.983578977169466601e-03
-6.940124911452846845e+02	2.436188239852072387e-03
-6.939791580977512240e+02	2.891355913010165268e-03
-6.939458250502177634e+02	3.358510839015107705e-03
-6.939124920026843029e+02	3.911117347588358682e-03
-6.938791589551509560e+02	4.427887828028776764e-03
-6.938458259076174954e+02	4.911308665430260886e-03
-6.938124928600840349e+02	5.323947049022848162e-03
-6.937791598125505743e+02	5.606894038663829370e-03
-6.937458267650171138e+02	5.891480444331821491e-03
-6.937124937174837669e+02	5.998952563780122517e-03
-6.936791606699503063e+02	6.005390589356884683e-03
-6.936458276224168458e+02	5.871432499697432951e-03
-6.936124945748833852e+02	5.642522048943854687e-03
-6.935791615273499247e+02	5.376894878179928200e-03
-6.935458284798164641e+02	5.034173417078970612e-03
-6.935124954322831172e+02	4.627651108717368428e-03
-6.934791623847496567e+02	4.209880745219041036e-03
-6.934458293372161961e+02	3.787262788325437488e-03
-6.934124962896827356e+02	3.356277093889921837e-03
-6.933791632421492750e+02	2.873477000491764764e-03
-6.933458301946158144e+02	2.458887086879711203e-03
-6.933124971470824676e+02	2.079356260492650106e-03
-6.932791640995490070e+02	1.693380284437168018e-03
-6.932458310520155464e+02	1.325193270513743901e-03
-6.932124980044820859e+02	1.051160162141186096e-03
-6.931791649569486253e+02	7.894681597780406086e-04
-6.931458319094151648e+02	6.084776980042903892e-04
-6.931124988618818179e+02	4.514510613117836781e-04
-6.930791658143483573e+02	2.756026384981324667e-04
-6.930458327668148968e+02	9.253302387070913711e-05
-6.930124997192814362e+02	-5.491922839837121389e-05
-6.929791666717479757e+02	-1.753239671744949674e-04
-6.929458336242145151e+02	-3.510537425611049865e-04
-6.929125005766811682e+02	-5.352181602106651122e-04
-6.928791675291477077e+02	-6.993503709030128969e-04
-6.928458344816142471e+02	-8.722469122502797892e-04
-6.928125014340807866e+02	-1.066730420830273732e-03
-6.927791683865473260e+02	-1.188349601999676456e-03
-6.927458353390138655e+02	-1.343016263697218403e-03
-6.927125022914805186e+02	-1.421210303602545456e-03
-6.926791692439470580e+02	-1.500491196196112372e-03
-6.926458361964135975e+02	-1.525792255604142226e-03
-6.926125031488801369e+02	-1.551113928650227477e-03
-6.925791701013466763e+02	-1.570261089356491269e-03
-6.925458370538133295e+02	-1.495312297237309145e-03
-6.925125040062798689e+02	-1.436398987580344514e-03
-6.924791709587464084e+02	-1.370628831204825709e-03
-6.924458379112129478e+02	-1.189757469593725938e-03
-6.924125048636794872e+02	-1.022487739794745304e-03
-6.923791718161460267e+02	-7.984294534992098869e-04
-6.923458387686125661e+02	-5.460497416978708210e-04
-6.923125057210792193e+02	-2.954031180702665262e-04
-6.922791726735457587e+02	7.197901366439831750e-05
-6.922458396260122981e+02	3.468012305480498779e-04
-6.922125065784788376e+02	7.221116600149478587e-04
-6.921791735309453770e+02	1.043494028369575848e-03
-6.921458404834120302e+02	1.468172338380117773e-03
-6.921125074358785696e+02	1.844346282900127332e-03
-6.920791743883451090e+02	2.219501242066749050e-03
-6.920458413408116485e+02	2.516053908173230061e-03
-6.920125082932781879e+02	2.839662785251008924e-03
-6.919791752457447274e+02	3.033330466683571442e-03
-6.919458421982113805e+02	3.258635357483311793e-03
-6.919125091506779199e+02	3.413791203481460635e-03
-6.918791761031444594e+02	3.545648576925798136e-03
-6.918458430556109988e+02	3.650523628692862229e-03
-6.918125100080775383e+02	3.727991089647008510e-03
-6.917791769605440777e+02	3.783336315151015084e-03
-6.917458439130107308e+02	3.745430778635304783e-03
-6.917125108654772703e+02	3.756014732711899194e-03
-6.916791778179438097e+02	3.740154162225796473e-03
-6.916458447704103492e+02	3.699183146159831619e-03
-6.916125117228768886e+02	3.688313405103006183e-03
-6.915791786753434280e+02	3.682491399910556903e-03
-6.915458456278100812e+02	3.623392334748209639e-03
-6.915125125802766206e+02	3.539148880990522061e-03
-6.914791795327431601e+02	3.485024437020077005e-03
-6.914458464852096995e+02	3.372634572153275067e-03
-6.914125134376762389e+02	3.253023375989305081e-03
-6.913791803901428921e+02	3.099927520862531208e-03
-6.913458473426094315e+02	2.985715768278988068e-03
-6.913125142950759709e+02	2.792926839891224540e-03
-6.912791812475425104e+02	2.628688979532141281e-03
-6.912458482000090498e+02	2.434486807254618215e-03
-6.912125151524755893e+02	2.386057915173095748e-03
-6.911791821049421287e+02	2.192947952451930905e-03
-6.911458490574087818e+02	2.112064198241534602e-03
-6.911125160098753213e+02	1.976243969852973029e-03
-6.910791829623418607e+02	1.919913604013010052e-03
-6.910458499148084002e+02	1.850991466658678678e-03
-6.910125168672749396e+02	1.827234602307533555e-03
-6.909791838197415927e+02	1.819942039687348200e-03
-6.909458507722081322e+02	1.859035305500489690e-03
-6.909125177246746716e+02	1.871621423615873461e-03
-6.908791846771412111e+02	1.978919775536692582e-03
-6.908458516296077505e+02	2.037250789335503642e-03
-6.908125185820742900e+02	2.175806843471913589e-03
-6.907791855345409431e+02	2.246391048811014184e-03
-6.907458524870074825e+02	2.392958541813980985e-03
-6.907125194394740220e+02	2.524909590487497968e-03
-6.906791863919405614e+02	2.828806999115509625e-03
-6.906458533444071008e+02	2.969248005204208445e-03
-6.906125202968736403e+02	3.271382994005064219e-03
-6.905791872493402934e+02	3.494638219104985455e-03
-6.905458542018068329e+02	3.723941581210939763e-03
-6.905125211542733723e+02	3.932745590426747068e-03
-6.904791881067399117e+02	4.158263363210744183e-03
-6.904458550592064512e+02	4.321558061950575395e-03
-6.904125220116729906e+02	4.578445606631173677e-03
-6.903791889641396438e+02	4.637873886974301987e-03
-6.903458559166061832e+02	4.819966366902789581e-03
-6.903125228690727226e+02	4.792426844266613022e-03
-6.902791898215392621e+02	4.942507351827505994e-03
-6.902458567740058015e+02	4.803540568007830247e-03
-6.902125237264724547e+02	4.917704545497621205e-03
-6.901791906789389941e+02	4.618499848262684788e-03
-6.901458576314055335e+02	4.875773410129731304e-03
-6.901125245838720730e+02	3.684652813748287570e-03
