0.0	1.7449928366615146	0.0	0.0
7414829659.318636	1.7449930620686056	6.120732451508666e-06	0.0019023645116237446
14829659318.637272	1.7449937383969054	1.2243169824744368e-05	0.007610517848606673
22244488977.95591	1.7449948659676617	1.8369046470188418e-05	0.017127666857243803
29659318637.274544	1.7449964453168278	2.4500069439461636e-05	0.030459140635994374
37074148296.593185	1.744998477195881	3.0637976005519566e-05	0.047612437500444894
44488977955.91182	1.7450009625729659	3.678450261101337e-05	0.06859721404193164
51903807615.23046	1.7450039026343713	4.294139266897366e-05	0.09342530080875226
59318637274.54909	1.7450072987863487	4.911041595805665e-05	0.12211076136374412
66733466933.86773	1.7450111526572671	5.529335435481432e-05	0.1546698933467954
74148296593.18637	1.7450154661001205	6.149200462776027e-05	0.19112125595952228
81563126252.505	1.7450202411953921	6.77081890211949e-05	0.2314857292926332
88977955911.82364	1.745025480254282	7.394375549189626e-05	0.275786554798933
96392785571.14226	1.7450311858223098	8.020057871587761e-05	0.32404937931916244
103807615230.46092	1.7450373606833036	8.648056145338954e-05	0.3763023025441066
111222444889.77956	1.7450440078637866	9.278564206060164e-05	0.4325759556786489
118637274549.09818	1.745051130637774	9.911779529249341e-05	0.4929035607517198
126052104208.41682	1.745058732531997	0.00010547903337786017	0.5573209928612854
133466933867.73546	1.7450668173315675	0.0001118714102081476	0.6258668618444281
140881763527.0541	1.745075389086105	0.0001182970293051767	0.6985826240745153
148296593186.37274	1.7450844521163407	0.00012475804169274253	0.7755126463580334
155711422845.69138	1.7450940110212225	0.00013125664978758003	0.8567043051503436
163126252505.01	1.745104070685544	0.00013779511771323916	0.942208136945692
170541082164.32864	1.745114636288121	0.00014437576671386457	1.0320779013868198
177955911823.64728	1.7451257133105436	0.00015100098515158833	1.1263707446064268
185370741482.9659	1.74513730754653	0.00015767323045711083	1.2251473186871054
192785571142.28452	1.7451494251119208	0.00016439503740051472	1.3284719558324287
200200400801.60324	1.7451620724553376	0.00017116901661581432	1.4364127761732768
207615230460.92184	1.7451752563695522	0.00017799786773928833	1.5490419200003998
215030060120.24048	1.7451889840035986	0.00018488437810188928	1.666435674291082
222444889779.5591	1.7452032628756766	0.00019183143366352512	1.7886747109430232
229859719438.87775	1.7452181008868897	0.00019884202294103117	1.9158442778930633
237274549098.19635	1.7452335063358686	0.00020591924250731815	2.048034413187576
244689378757.515	1.7452494879343319	0.00021306630778594442	2.185340223621044
252104208416.83365	1.74526605482365	0.0002202865577576315	2.3278621191696915
259519038076.1523	1.7452832165924625	0.0002275834631086701	2.475706093643709
266933867735.47092	1.7453009832954283	0.00023496063744448637	2.628984054831145
274348697394.78955	1.7453193654731791	0.0002424218411695462	2.7878140912173235
281763527054.1082	1.7453383741735504	0.00024997099853274273	2.952320901432621
289178356713.4268	1.7453580209741841	0.0002576122017304616	3.122636098607314
296593186372.7455	1.7453783180065898	0.00026534972584195594	3.2988986570481686
304008016032.0641	1.7453992779817693	0.00027318803848641024	3.481255319505191
311422845691.38275	1.7454209142175103	0.00028113181530675825	3.6698610985090196
318837675350.7014	1.7454432406674707	0.00028918595152217807	3.8648797540422546
326252505010.02	1.7454662719521814	0.000297355577914182	4.066484353385949
333667334669.3387	1.745490023392104	0.000305646076923131	4.274857862322022
341082164328.6573	1.7455145110428996	0.0003140630985741405	4.490193763913893
348496993987.97595	1.7455397517330684	0.00032261258115020923	4.712696776333413
355911823647.29456	1.745565763104144	0.00033130077008963917	4.942583582748556
363326653306.6132	1.7455925636536318	0.0003401342383463878	5.180083618731557
370741482965.9318	1.7456201727809095	0.00034911991268505145	5.425439989861988
378156312625.2505	1.7456486108363152	0.0003582650960962198	5.678910376869243
385571142284.56903	1.7456778991736783	0.00036757749621921877	5.940768079667151
392985971943.8877	1.7457080602065715	0.00037706525590078136	6.211303149577098
400400801603.2065	1.7457391174685764	0.0003867369843964173	6.490823589324927
407815631262.525	1.7457710956779022	0.00039660179213986944	6.779656672217607
415230460921.8437	1.7458040208067087	0.0004066693289066907	7.0781503852346415
422645290581.1623	1.7458379201555354	0.0004169498248570246	7.386674994296333
430060120240.48096	1.7458728224332631	0.0004274541370445786	7.705624784608191
437474949899.79956	1.7459087578430892	0.0004381937970189606	8.035419907786768
444889779559.1182	1.7459457581750317	0.000449181063745069	8.37650841691079
452304609218.4368	1.7459838569055437	0.0004604289846402681	8.729368554165266
459719438877.7555	1.746023089304861	0.0004719514573808461	9.094511167134245
467134268537.0741	1.7460634925527851	0.00048376330145381797	9.472482431174589
474549098196.3927	1.7461051058636683	0.0004958803346520723	9.863866803553563
481963927855.7115	1.746147970621443	0.0005083194579672182	10.269290289891625
489378757515.03	1.746192130525637	0.0005210987488254606	10.68942404005934
496793587174.3487	1.7462376317494077	0.0005342375624650656	11.124988287485166
504208416833.6673	1.7462845231107424	0.0005477566465674889	11.576756757630205
511623246492.98596	1.7463328562580962	0.0005616782654889336	12.045561496119252
519038076152.3046	1.7463826858718754	0.0005760263375173402	12.53229821193119
526452905811.6232	1.7464340698833412	0.0005908265886343422	13.037932240771344
533867735470.94183	1.746487069712666	0.0006061067210034672	13.563505124730387
541282565130.2605	1.746541750528092	0.0006218966022908881	14.110141978814193
548697394789.5791	1.7465981815283491	0.0006382284740120915	14.679059648116842
556112224448.8978	1.7466564362507475	0.0006551371852776461	15.271575845592649
563527054108.2164	1.7467165929076367	0.0006726604525812027	15.889119340878132
570941883767.535	1.7467787347542476	0.0006908391514674444	16.53324139653176
578356713426.8536	1.7468429504912837	0.0007097176417924244	17.205628562565277
585771543086.1724	1.74690933470604	0.0007293441330561896	17.908117061457588
593186372745.491	1.7469779883562886	0.0007497710956420224	18.642708995902158
600601202404.8096	1.7470490193016726	0.0007710557232487873	19.411590612253782
608016032064.1282	1.7471225428879544	0.0007932604550200042	20.217152947777183
615430861723.4469	1.7471986825901122	0.0008164535651580603	21.06201519249398
622845691382.7655	1.747277570721035	0.0008407098316299065	21.94905121546727
630260521042.0841	1.7473593492133992	0.0008661112953802978	22.881419729195198
637675350701.4028	1.7474441704832864	0.0008927481237194589	23.86259865433286
645090180360.7214	1.7475321983851435	0.0009207195956812199	24.896424392597734
652505010020.04	1.7476236092689328	0.0009501352284298604	25.987136795031926
659919839679.3586	1.7477185931516388	0.0009811160676869966	27.139430767921652
667334669338.6774	1.747817355016841	0.0010137961705447794	28.358515666701994
674749498997.996	1.7479201162577236	0.0010483243148086214	29.650183862098068
682164328657.3146	1.7480271162807608	0.0010848659719085816	31.020890030455742
689579158316.6332	1.7481386142893236	0.0011236055934292107	32.477843188384576
696993987975.9519	1.7482548912686462	0.0011647492671953863	34.029113788297416
704408817635.2704	1.7483762521958706	0.0012085278126835507	35.68375873892567
711823647294.5891	1.748503028501231	0.001255200398709387	37.45196778167389
719238476953.908	1.7486355808087246	0.0013050587865246965	39.34523546837476
726653306613.2264	1.7487743019866302	0.0013584323227305432	41.37656389043539
734068136272.545	1.7489196205397282	0.0014156938336071677	43.560702455436896
741482965931.8636	1.7490720043755605	0.0014772666102786914	45.914432559590026
748897795591.1824	1.7492319649758816	0.0015436327165944082	48.456906808429586
756312625250.501	1.7494000620005328	0.001615342907425438	51.21005478421901
763727454909.8196	1.749576908342788	0.001693028517844797	54.19907040345561
771142284569.1381	1.7497631756403786	0.0017774157710095577	57.45299962766585
778557114228.4569	1.7499596002214521	0.0018693430709727104	61.005452268400894
785971943887.7754	1.7501669894242915	0.0019697819909763664	64.89546779006959
793386773547.0941	1.7503862281658962	0.002079862860845503	69.1685732017149
800801603206.413	1.7506182855354389	0.002200906098681175	73.87808148478291
808216432865.7314	1.750864221036197	0.002334460751556965	79.0866926755793
815631262525.05	1.7511251898663542	0.002482352116524449	84.86847726423399
823046092184.3687	1.7514024462733198	0.002646740844628141	91.31134455778194
830460921843.6874	1.7516973434740262	0.002830196614583878	98.52012843783001
837875751503.006	1.7520113278067173	0.003035790340637646	106.62046144966473
845290581162.3246	1.7523459235163834	0.0032672099975187565	115.76365764423794
852705410821.6432	1.752702702641239	0.0035289065450730996	126.13288726104132
860120240480.9619	1.7530832314968452	0.0038262781291394524	137.95100353246266
867535070140.2804	1.753488980681753	0.004165902687271478	151.49047320557392
874949899799.5991	1.7539211784788187	0.004555831083822046	167.085960762121
882364729458.918	1.754380576659195	0.0050059544058759405	185.150202201293
889779559118.2365	1.754867080997062	0.005528458809800488	206.1938291286517
897194388777.555	1.7553791733560475	0.006138376618103074	230.84966080492828
904609218436.8737	1.755913014093701	0.0068542276643210704	259.901445964621
912024048096.1924	1.7564610583173341	0.007698709109883945	294.31565368598433
919438877755.511	1.7570099446248708	0.008699313877362282	335.2717995326952
926853707414.8296	1.7575373270204333	0.009888598674251977	384.1803112744655
934268537074.1482	1.7580072551690247	0.01130351696353349	442.66427621019744
941683366733.4669	1.7583637750889995	0.012982686977506293	512.4584356911224
949098196392.7854	1.75852289749899	0.014959600433761802	595.1415928463533
956513026052.1042	1.7583645371830257	0.017248710873045168	691.5708707735915
963927855711.423	1.757729349094049	0.01982090266258091	800.8609548952423
971342685370.7415	1.7564310381101347	0.022567542235922732	918.8527069864928
978757515030.06	1.7542999163123036	0.025262738805118614	1036.441281464772
986172344689.3787	1.7512673307379527	0.02755374429949137	1138.9970632578008
993587174348.6974	1.747466777567042	0.02902459250488904	1208.8189762472382
1001002004008.016	1.7432751709904042	0.02934746043298003	1231.387196924444
1008416833667.3346	1.7392173813862302	0.02844541830949632	1202.3795263888444
1015831663326.6532	1.7357659705516852	0.02653534244445156	1129.8885388790616
1023246492985.9719	1.7331795649738153	0.02401131990038597	1029.8772383913426
1030661322645.2904	1.7314803019821337	0.021271875955726143	918.9903088537602
1038076152304.6093	1.7305367330873729	0.018609175153315734	809.7398237190589
1045490981963.928	1.7301630169351805	0.016187045141148437	709.3768803102136
1052905811623.2465	1.7301831849816767	0.014069705324300996	620.9600860715008
1060320641282.5651	1.7304571497304193	0.012260885860216559	544.9394216567748
1067735470941.8837	1.7308836128430019	0.010734413922304073	480.4311623705477
1075150300601.2024	1.7313935600662598	0.009453086395503537	426.02194310168755
1082565130260.521	1.7319418677504357	0.008378606757685024	380.2025304530914
1089979959919.8396	1.7325000074610342	0.007476048930274481	341.57007055354285
1097394789579.1582	1.7330505572664752	0.006715379464108583	308.903346457467
1104809619238.4768	1.7335833534923153	0.0060715621069313015	281.17522399550313
1112224448897.7957	1.734092893816508	0.005524067726988503	257.53756973249307
1119639278557.1143	1.7345766225271742	0.005056199045389662	237.29656365194106
1127054108216.4329	1.735033812878189	0.004654416809690363	219.88682066137
1134468937875.7515	1.7354648448300591	0.004307741407539245	204.84784295236338
1141883767535.07	1.7358707415388352	0.004007250359012384	191.8039456251415
1149298597194.3887	1.7362528741313763	0.0037456686709185184	180.4477188453951
1156713426853.7073	1.7366127755765621	0.0035170402452995146	170.52665605828497
1164128256513.026	1.7369520251343178	0.00331646651493264	161.83244988420844
1171543086172.3447	1.7372721783639458	0.003139899320780191	154.19246429556406
1178957915831.6633	1.7375747264411174	0.0029839768915479836	147.4629505743772
1186372745490.982	1.7378610742193035	0.0028458937968611334	141.52364687436912
1193787575150.3005	1.7381325301625592	0.0027232975794718606	136.27347028192435
1201202404809.6191	1.7383903036775727	0.002614206319313764	131.62707004539539
1208617234468.9377	1.7386355069387909	0.0025169426364258234	127.51205989215968
1216032064128.2563	1.7388691593243102	0.0024300806316175233	123.86678673804188
1223446893787.5752	1.7390921932511356	0.0023524030421297444	120.63852430622937
1230861723446.8938	1.7393054606385652	0.002282866489408073	117.78200435205375
1238276553106.2124	1.739509739517247	0.0022205731635866863	115.25821717605618
1245691382765.531	1.7397057404905696	0.0021647476497323554	113.03342781283031
1253106212424.8496	1.7398941128783971	0.002114717877704979	111.07836560295287
1260521042084.1682	1.7400754504529956	0.0020698993940618587	109.36755376672481
1267935871743.4868	1.740250296728066	0.002029782322901619	107.8787525591367
1275350701402.8057	1.7404191497938024	0.001993920509787051	106.59249481356055
1282765531062.1243	1.7405824667103722	0.001961922448937306	105.49169712619356
1290180360721.4429	1.7407406674834365	0.0019334436708757566	104.56133310313714
1297595190380.7615	1.740894138651204	0.0019081803315061743	103.78815775874662
1305010020040.08	1.741043236514951	0.0018858637940183448	103.16047426836454
1312424849699.3987	1.7411882900452085	0.0018662560343060896	102.66793592088287
1319839679358.7173	1.7413296034948054	0.0018491457307143891	102.3013773626861
1327254509018.036	1.7414674587481693	0.001834344927161205	102.05267044895281
1334669338677.3547	1.7416021174341194	0.0018216861759675505	101.91460070958789
1342084168336.6733	1.7417338228270887	0.0018110200842903358	101.8807611920707
1349498997995.992	1.7418628015593882	0.001802213201690429	101.94546102572608
1356913827655.3105	1.7419892651649	0.0017951461966025882	102.1036464786985
1364328657314.6292	1.7421134114725016	0.0017897122782055633	102.35083264838464
1371743486973.9478	1.7422354258655932	0.0017858158273186583	102.68304422776771
1379158316633.2664	1.7423554824223404	0.0017833712065024496	103.0967640783925
1386573146292.5852	1.7424737449496748	0.0017823017237849168	103.58888851320795
1393987975951.9038	1.7425903679226578	0.0017825387277994223	104.15668832553652
1401402805611.2222	1.7427054973395582	0.0017840208178890005	104.7977748840248
1408817635270.5408	1.742819271501864	0.0017866931520315915	105.51007053121124
1416232464929.8599	1.7429318217274568	0.0017905068413733834	106.29178283289562
1423647294589.1782	1.743043273004287	0.0017954184183274597	107.14138208841068
1431062124248.4968	1.7431537445911307	0.0018013893713823427	108.05758185062221
1438476953907.816	1.7432633505712998	0.0018083857354195408	109.03932192541957
1445891783567.1343	1.7433722003646122	0.0018163777343520116	110.08575377824351
1453306613226.453	1.74348039920237	0.0018253394664826629	111.19622787661604
1460721442885.7715	1.7435880485696662	0.0018352486304427811	112.37028293057887
1468136272545.09	1.7436952466189202	0.0018460862862017802	113.60763678033035
1475551102204.4087	1.7438020885582095	0.0018578366468633967	114.90817874234173
1482965931863.7273	1.743908667017668	0.0018704868997287166	116.27196338647198
1490380761523.046	1.7440150723969603	0.0018840270523009617	117.69920553755884
1497795591182.3647	1.7441213931966395	0.0018984498016984448	119.19027645946747
1505210420841.6833	1.7442277163360085	0.0019137504257488206	120.74570116356925
1512625250501.002	1.744334127459971	0.0019299266938033201	122.36615676446597
1520040080160.3206	1.7444407112372413	0.001946978795489634	124.05247181236427
1527454909819.6392	1.744547551652209	0.001964909287363119	125.80562663854688
1534869739478.9578	1.7446547322926989	0.001983723055523852	127.62675462855132
1542284569138.2761	1.7447623366358542	0.002003427294430122	129.51714447269913
1549699398797.5952	1.7448704483343802	0.0020240315004081376	131.4782433317615
1557114228456.9138	1.7449791515054236	0.002045547480749065	133.51166100789695
1564529058116.2322	1.7450885310244548	0.0020679893770064375	135.6191750638171
1571943887775.5508	1.7451986728266156	0.0020913737038147323	137.80273700810363
1579358717434.8699	1.7453096642181674	0.0021157194025287576	140.06447953408065
1586773547094.1882	1.7454215942008566	0.002141047910253883	142.40672488240094
1594188376753.5068	1.7455345538122833	0.002167383245296841	144.83199442964192
1601603206412.826	1.7456486364856456	0.0021947521091801423	147.34301954823928
1609018036072.1443	1.7457639384326349	0.002223184006983119	149.94275389270112
1616432865731.463	1.7458805590536888	0.0022527113859164122	152.63438714566212
1623847695390.7815	1.7459986013803814	0.0022833697952985518	155.42136047912538
1631262525050.1	1.7461181725553814	0.0023151980683111827	158.30738380320415
1638677354709.4187	1.746239384356215	0.0023482385278568683	161.29645500937204
1646092184368.7373	1.7463623537700321	0.00238253721949508	164.39288146597553
1653507014028.056	1.7464872036277337	0.0024181441736928263	167.6013039799289
1660921843687.3748	1.7466140633072225	0.002455113700704225	170.9267235191147
1668336673346.6934	1.7467430695172363	0.0024935047224056207	174.3745310690435
1675751503006.012	1.7468743671752875	0.0025333811454892395	177.95054101345366
1683166332665.3306	1.7470081103957409	0.0025748122809931776	181.6610284800285
1690581162324.6492	1.7471444636071425	0.0026178733169499833	185.5127712326631
1697995991983.9678	1.7472836028216803	0.0026626458520411954	189.5130967872269
1705410821643.2864	1.7474257170843162	0.002709218498530453	193.6699354749224
1712825651302.6052	1.7475710101348911	0.0027576875662297384	197.9918804479005
1720240480961.9238	1.7477197023236797	0.002808157839969835	202.4882557026856
1727655310621.2422	1.7478720328298438	0.002860743467161387	207.16919352599533
1735070140280.5608	1.7480282622435064	0.002915568974878859	212.0457230157597
1742484969939.88	1.748188675586434	0.0029727704413490402	217.12987177648068
1749899799599.1982	1.7483535858644232	0.003032496851000288	222.43478326347937
1757314629258.5168	1.7485233382676653	0.0030949116731417655	227.97485312694366
1764729458917.836	1.748698315165179	0.003160194711131423	233.76588850854992
1772144288577.1543	1.7488789420780235	0.0032285442854007715	239.82529558630338
1779559118236.473	1.749065694866371	0.0033001798302010276	246.17230205133814
1786973947895.7915	1.7492591084317146	0.0033753450100258435	252.8282233533008
1794388777555.11	1.7494597873231117	0.0034543114948283006	259.81678430871665
1801803607214.4287	1.7496684187533553	0.003537383580507537	267.16451158938503
1809218436873.7473	1.7498857886885133	0.003624903906843543	274.90121805423286
1816633266533.066	1.750112801888409	0.003717260618298513	283.0606076150781
1824048096192.3848	1.7503505070695615	0.0038148964459056053	291.6810403394946
1831462925851.7034	1.7506001287699344	0.003918320383316569	300.80651364157416
1838877755511.022	1.75086310806709	0.004028122913358687	310.487938920107
1846292585170.3406	1.751141155114273	0.0041449961691839106	320.7848284842008
1853707414829.6592	1.7514363176290464	0.004269761060088576	331.7675612427472
1861122244488.9778	1.7517510711775108	0.004403404390757785	343.5204785910051
1868537074148.2964	1.7520884396303313	0.004547130576584791	356.1461927311417
1875951903807.6152	1.7524521579862018	0.00470243508557652	369.77169988388704
1883366733466.9338	1.7528468956225665	0.004871210892922805	384.5572366388922
1890781563126.2524	1.7532785672157154	0.005055906243299079	400.70940125629613
1898196392785.5708	1.753754773259379	0.00525976416465807	418.5010738503547
1905611222444.89	1.7542854361469058	0.005487195916012033	438.3024815156549
1913026052104.2085	1.7548837380903386	0.005744380834844173	460.6311144349266
1920440881763.5269	1.7555675364939265	0.00604026274200295	486.2346830590915
1927855711422.846	1.7563615547823042	0.006388269863053193	516.23440059688
1935270541082.1643	1.7573008676862418	0.006809418592353703	552.3837309555196
1942685370741.483	1.7584366046169697	0.007338214047155601	597.5606710900246
1950100200400.8015	1.7598455252174732	0.008034581944287855	656.764050253625
1957515030060.12	1.7616463010354024	0.009009845609339557	739.2845250216167
1964929859719.4387	1.764026204583596	0.01048851193821035	863.8733775742708
1972344689378.7573	1.767274095986223	0.012971276013915088	1072.3947443199845
1979759519038.0762	1.7717306125358987	0.01771337233822093	1469.950981557868
1987174348697.3948	1.7768367565237055	0.028149291686720302	2344.728729824158
1994589178356.7134	1.7735417595570135	0.050765948858375355	4244.388483440565
2002004008016.032	1.7390568692628876	0.06266405749881512	5258.630012473805
2009418837675.3506	1.7207390519518233	0.038473077208554404	3240.5337910439907
2016833667334.6692	1.7239325267298007	0.02307863464194734	1951.0542955328522
2024248496993.9878	1.7288155136654235	0.016589503034205744	1407.623027139737
2031663326653.3064	1.7324791705877798	0.013640202355175289	1161.6136736404783
2039078156312.6252	1.7350778774795077	0.012163148972651182	1039.606675031482
2046492985971.9438	1.736944394700491	0.011373265729576176	975.6287908919601
2053907815631.2625	1.7383123435109247	0.010935212828270372	941.4501925141656
2061322645290.5808	1.7393317290838113	0.010688389304437801	923.522326707665
2068737474949.9	1.7401000875323218	0.01054812116916359	914.6809893103957
2076152304609.2185	1.7406831744276743	0.010466161816599689	910.8268318790633
2083567134268.5369	1.7411272148096908	0.010413352677284986	909.4676101532825
2090981963927.856	1.741466072001573	0.01037139345572151	909.0265295408338
2098396793587.1746	1.741725486459466	0.010328663247750532	908.4915518703561
2105811623246.493	1.7419256153145215	0.01027795486706837	907.225786437834
2113226452905.8115	1.742082572702213	0.010215152103622447	904.8571807487386
2120641282565.1301	1.7422093788607345	0.010138385542375911	901.2082841293417
2128056112224.4487	1.7423165626034025	0.010047438331458084	896.2467329392297
2135470941883.7673	1.7424125663708423	0.00994328985144655	890.0469714870786
2142885771543.0862	1.7425040443242004	0.00982774482428042	882.7587964176835
2150300601202.4048	1.7425961061526025	0.009703125545353956	874.5808989871445
2157715430861.7234	1.7426925345845063	0.009572018961007284	865.7387938779705
2165130260521.042	1.7427959888727405	0.009437075464333153	856.4669700783517
2172545090180.3606	1.7429081972492682	0.009300856849026939	846.9951431916691
2179959919839.6792	1.7430301366757464	0.009165729511184915	837.5383588333943
2187374749498.9978	1.7431621966406772	0.00903379730749971	828.2905328809649
2194789579158.3164	1.7433043240319925	0.008906867273525378	819.4208896011233
2202204408817.6353	1.7434561472899923	0.008786440956404538	811.0727003076167
2209619238476.9536	1.7436170794594692	0.008673724382350798	803.3637318141124
2217034068136.2725	1.7437864010188955	0.008569650462169735	796.3878693566785
2224448897795.5913	1.7439633242867154	0.008474908705762162	790.2174628031232
2231863727454.9097	1.7441470417519884	0.008389978267206263	784.9060398601428
2239278557114.2285	1.7443367608932	0.008315161429351264	780.4911221584055
2246693386773.547	1.7445317280151194	0.008250615576929824	776.9969614381667
2254108216432.8657	1.7447312434345412	0.008196382465232202	774.4370798301616
2261523046092.184	1.74493467005567	0.008152414166591276	772.8165497875276
2268937875751.503	1.7451414370513436	0.008118595486508179	772.1339866424386
2276352705410.8213	1.7453510400456012	0.008094762917556684	772.3832526082106
2283767535070.14	1.7455630388994572	0.008080720367722945	773.5548873490864
2291182364729.459	1.7457770539466324	0.008076251992527038	775.6372897301935
2298597194388.7773	1.745992761312994	0.008081132497486118	778.6176797645976
2306012024048.096	1.7462098877811707	0.00809513527918241	782.4828708504491
2313426853707.4146	1.746428205526151	0.008118038753332175	787.2198813803521
2320841683366.7334	1.7466475269433313	0.008149631185660134	792.8164125007596
2328256513026.052	1.7468676997120236	0.008189714303569968	799.2612158940439
2335671342685.3706	1.7470886021796843	0.008238105928193231	806.544372386784
2343086172344.6895	1.7473101391106176	0.008294641829561793	814.6574991655496
2350501002004.008	1.7475322378138487	0.008359176973601673	823.593900531053
2357915831663.3267	1.747754844645142	0.008431586300212747	833.3486746319026
2365330661322.645	1.7479779218653606	0.008511765145671929	843.9187863849705
2372745490981.964	1.7482014448295753	0.008599629400933543	855.3031149163066
2380160320641.282	1.748425399477094	0.008695115478936368	867.5024822420492
2387575150300.601	1.7486497800908318	0.008798180148775033	880.5196685641895
2394989979959.92	1.7488745872943054	0.008908800282273857	894.359418463125
2402404809619.2383	1.7490998262554975	0.009026972548497407	909.0284413747677
2409819639278.557	1.7493255050684058	0.009152713083070755	924.5354089534393
2417234468937.8755	1.749551633285017	0.009286057153093554	940.8909513716516
2424649298597.1943	1.749778220572491	0.009427058833022526	958.1076541097694
2432064128256.5127	1.7500052754723932	0.0095757907023827	976.2000563665649
2439478957915.8315	1.7502328042407576	0.009732343573247254	995.184651950058
2446893787575.1504	1.7504608097495602	0.009896826252619877	1015.0798932399623
2454308617234.4688	1.7506892904318023	0.010069365342468262	1035.9061985804542
2461723446893.7876	1.7509182392538338	0.010250105078879586	1057.685963336945
2469138276553.106	1.7511476426997588	0.010439207210035278	1080.4435746706476
2476553106212.425	1.7513774797538268	0.010636850911889201	1104.205429999557
2483967935871.743	1.751607720867549	0.010843232739032675	1128.9999589658426
2491382765531.062	1.7518383268989812	0.011058566607869151	1154.8576486857478
2498797595190.381	1.7520692480121507	0.011283083807934472	1181.8110719161275
2506212424849.699	1.752300422524997	0.011517033036839569	1209.8949177237007
2513627254509.018	1.7525317756944798	0.01176068045312889	1239.1460241071281
2521042084168.3364	1.7527632184276776	0.012014309741026014	1269.6034119738288
2528456913827.6553	1.7529946459077739	0.0122782221795526	1301.3083197010506
2535871743486.9736	1.753225936123845	0.012552736708160194	1334.3042374551615
2543286573146.2925	1.7534569482933149	0.01283818997936721	1368.6369402480054
2550701402805.6113	1.753687521165863	0.013134936388065545	1404.354518596985
2558116232464.9297	1.7539174711974743	0.013443348065550953	1441.5074054571926
2565531062124.2485	1.7541465905832425	0.013763814824727076	1480.1483978916638
2572945891783.567	1.7543746451374984	0.014096744041326404	1520.3326717388752
2580360721442.8857	1.7546013720098559	0.014442560453696298	1562.1177872506796
2587775551102.204	1.7548264772259154	0.014801705861506526	1605.5636833927338
2595190380761.523	1.7550496330416545	0.015174638701247559	1650.7326581800767
2602605210420.8413	1.7552704751010297	0.015561833473220875	1697.6893320198735
2610020040080.16	1.755488599387083	0.015963779991578986	1746.500590626533
2617434869739.479	1.7557035589579484	0.016380982425594146	1797.2355036329704
2624849699398.7974	1.7559148604606782	0.016813958095880564	1849.9652144526146
2632264529058.116	1.7561219604178562	0.017263235985287274	1904.7627964143574
2639679358717.4346	1.7563242612846384	0.01772935491938318	1961.7030695618612
2647094188376.7534	1.7565211072773208	0.018212861366068905	2020.862371798844
2654509018036.072	1.7567117799788703	0.018714306798768936	2082.3182773710946
2661923847695.3906	1.7568954937323142	0.019234244561526267	2146.1492548537535
2669338677354.7095	1.7570713908395834	0.019773226168571433	2212.434256015596
2676753507014.028	1.7572385365916032	0.02033179696479916	2281.2522260756737
2684168336673.3467	1.757395914165319	0.0209104910674612	2352.6815249956203
2691583166332.665	1.7575424194352038	0.021509825503883938	2426.799248632265
2698997995991.984	1.7576768557608327	0.022130293454564198	2503.6804377462204
2706412825651.3022	1.7577979288286225	0.022772356506963642	2583.3971621791743
2713827655310.621	1.7579042416450215	0.023436435822346342	2666.0174669387216
2721242484969.94	1.7579942898005272	0.024122902117194568	2751.6041665943667
2728657314629.2583	1.758066457149067	0.02483206436238021	2840.213474331399
2736072144288.577	1.758119012075532	0.025564157108684975	2931.8934523896733
2743486973947.8955	1.7581501045556083	0.026319326356870145	3026.6822714919426
2750901803607.2144	1.7581577642462156	0.027097613905852132	3124.6062684336107
2758316633266.5327	1.7581398998814104	0.027898940134875524	3225.677793422989
2765731462925.8516	1.7580943002867664	0.028723085205940267	3329.892842171727
2773146292585.1704	1.7580186373638402	0.029569668713092637	3437.228472391571
2780561122244.489	1.757910471433784	0.030438127856850475	3547.6400104410245
2787975951903.8076	1.7577672593632605	0.03132769428607957	3661.0580615447307
2795390781563.126	1.7575863659238111	0.03223736982806727	3777.3853465521374
2802805611222.4443	1.7573650788541764	0.03316590142043007	3896.4933996641776
2810220440881.7637	1.757100628099594	0.0341117556664606	4018.2191750547163
2817635270541.0815	1.756790209687886	0.035073093557852784	4142.3616258102575
2825050100200.4004	1.7564310146636943	0.036047746043522566	4268.678335923963
2832464929859.7197	1.7560202634336648	0.037033191267191894	4396.8823048586
2839879759519.0376	1.7555552457707642	0.03802653444381878	4526.6390037867195
2847294589178.3564	1.7550333665798088	0.03902449148916895	4657.563842240143
2854709418837.676	1.7544521973342808	0.040023377646855235	4789.220202231069
2862124248496.9937	1.7538095328542231	0.041019102461768146	4921.118212549722
2869539078156.3125	1.7531034528069385	0.04200717251266063	5052.714446976247
2876953907815.632	1.7523323869808107	0.042982703323922844	5183.412734534426
2884368737474.9497	1.75149518301729	0.04394044181016882	5312.566265415898
2891783567134.2686	1.750591174902158	0.04487480045114383	5439.481160646126
2899198396793.587	1.7496202501361349	0.045779904134823746	5563.421644988314
2906613226452.906	1.7485829131543005	0.046649650235033126	5683.6169196459405
2914028056112.224	1.7474803422764473	0.04747778200476574	5799.269773473833
2921442885771.543	1.7463144372823443	0.04825797477662736	5909.566899388485
2928857715430.862	1.745087854653148	0.04898393378675099	6013.690798526262
2936272545090.18	1.743804027635452	0.049649501711744023	6110.833062302139
2943687374749.499	1.74246716859193	0.0502487732738377	6200.208727154909
2951102204408.8174	1.7410822516136684	0.050776213582994216	6281.0713052782485
2958517034068.136	1.739654974078305	0.05122677630698176	6352.728014706907
2965931863727.4546	1.7381916967195248	0.05159601735288021	6414.554671740221
2973346693386.7734	1.7366993627812632	0.05188019956075209	6466.009675178388
2980761523046.092	1.7351853978995664	0.05207638399276448	6506.646510973877
2988176352705.4106	1.733657593408438	0.052182503769004324	6536.12424100699
2995591182364.7295	1.7321239767186776	0.052197417048598045	6554.215510914784
3003006012024.048	1.7305926731893615	0.05212093664896957	6560.811716007212
3010420841683.3667	1.7290717644311981	0.051953834878156004	6555.925094615866
3017835671342.685	1.7275691482016589	0.05169782334636387	6539.687665370256
3025250501002.004	1.7260924049528787	0.051355508732247895	6512.347077665294
3032665330661.3223	1.7246486756841561	0.050930326613392536	6474.2595911629405
3040080160320.641	1.7232445550694888	0.05042645644492806	6425.880529591169
3047494989979.96	1.72188600293874	0.0498487215175636	6367.752657239163
3054909819639.2783	1.7205782761665442	0.04920247820351877	6300.492997180495
3062324649298.597	1.7193258819501929	0.04849349898997308	6224.7786455038395
3069739478957.9155	1.718132552418025	0.0477278537150321	6141.332136130482
3077154308617.2344	1.7170012395736496	0.04691179309435021	6050.906879615723
3084569138276.5522	1.7159341288021288	0.046051638107471156	5954.273142381643
3091983967935.8716	1.7149326685755077	0.045153678161098	5852.204957219189
3099398797595.1904	1.7139976136098316	0.044224080224195356	5745.468269310658
3106813627254.5083	1.7131290785388396	0.04326881039430811	5634.810531696114
3114228456913.8276	1.7123265991609975	0.04229356865534034	5520.951876470977
3121643286573.1455	1.7115891984565361	0.041303736961684885	5404.577908065102
3129058116232.4644	1.7109154548244299	0.040304340256579335	5286.33409616559
3136472945891.7837	1.710303570319348	0.03930001961716006	5166.821690256917
3143887775551.1016	1.7097514370412632	0.03829501641653134	5046.595035925502
3151302605210.4204	1.7092567002159142	0.037293166198595615	4926.160144615246
3158717434869.7397	1.7088168168787607	0.036297900862021774	4805.974352120764
3166132264529.0576	1.708429109420822	0.03531225773056942	4686.446895072316
3173547094188.3765	1.7080908135602835	0.03433889413086115	4567.940236965154
3180961923847.696	1.7077991205626817	0.033380106189203965	4450.771983925455
3188376753507.0137	1.7075512137429427	0.03243785068086554	4335.217243480388
3195791583166.3325	1.7073442994459684	0.03151376890509838	4221.51129543806
3203206412825.652	1.7071756328225054	0.030609211706263496	4109.852461175603
3210621242484.9697	1.707042538798872	0.029725264907555015	4000.405075115205
3218036072144.2886	1.7069424286885222	0.028862774562389996	3893.302479034808
3225450901803.607	1.7068728129163773	0.028022371556141755	3788.6499756344588
3232865731462.926	1.7068313103289732	0.027204495204276615	3686.5276919818793
3240280561122.244	1.7068156545499733	0.02640941559199952	3586.993316033341
3247695390781.563	1.7068236978159022	0.025637254484184625	3490.0846801825605
3255110220440.882	1.706853412694862	0.024888004703940588	3395.8221748574483
3262525050100.2	1.7069028920545863	0.024161547934489602	3304.2109826351607
3269939879759.519	1.7069703476077993	0.02345767094351506	3215.2431293293016
3277354709418.8374	1.7070541073244012	0.022776080263248517	3128.8993531877127
3284769539078.1562	1.7071526119627072	0.022116415384728503	3045.150796886546
3292184368737.4746	1.707264410936826	0.021478260542699898	2963.960529640485
3299599198396.7935	1.7073881577047905	0.020861155179122036	2885.2849085296684
3307014028056.112	1.7075226048325822	0.02026460318037582	2809.074789349793
3314428857715.4307	1.707666598862848	0.019688080986014322	2735.2765979110263
3321843687374.7495	1.7078190750938522	0.019131044667056167	2663.8332729761346
3329258517034.068	1.7079790523539176	0.018592936069653013	2594.6850919693975
3336673346693.3867	1.7081456278391127	0.018073188116061786	2527.7703902805974
3344088176352.705	1.708317972066973	0.017571229349994708	2463.026184536022
3351503006012.024	1.7084953239863985	0.017086487807993888	2400.388709662643
3358917835671.3423	1.708676986273259	0.016618394292186603	2339.793878888921
3366332665330.661	1.7088623208324378	0.01616638511397384	2281.177675194172
3373747494989.98	1.7090507445198115	0.01572990437197105	2224.4764820097935
3381162324649.2983	1.7092417250917904	0.015308405821596031	2169.627360293517
3388577154308.617	1.7094347773853227	0.014901354388206507	2116.5682784604223
3395991983967.9355	1.709629459727543	0.014508227370267052	2065.2383010115573
3403406813627.2544	1.70982537057132	0.014128515373876629	2015.5777410821036
3410821643286.5728	1.7100221453507731	0.013761723016017335	1967.5282816661113
3418236472945.8916	1.710219453549158	0.013407369428936828	1921.033069658741
3425651302605.2104	1.7104169959703706	0.013064988594658206	1876.0367864466432
3433066132264.529	1.7106145022045252	0.012734129535314805	1832.4856983748439
3440480961923.8477	1.7108117282775843	0.012414356381451126	1790.3276899695531
3447895791583.1655	1.711008454474791	0.012105248337951593	1749.5122824929858
3455310621242.4844	1.7112044833276179	0.011806399564716035	1709.990640086917
3462725450901.8037	1.7113996377540632	0.011517418986794948	1671.7155654550302
3470140280561.1216	1.7115937593423567	0.011237930047126617	1634.641486842207
3477555110220.4404	1.711786706768453	0.010967570412670501	1598.724437759368
3484969939879.76	1.711978354338074	0.010705991643941523	1563.922030813923
3492384769539.0776	1.7121685906444721	0.010452858835820002	1530.1934267190127
3499799599198.3965	1.7123573173335485	0.01020785023701324	1497.4992995010903
3507214428857.716	1.7125444479684009	0.009970656853904804	1465.8017987026728
3514629258517.0337	1.712729906985865	0.009740982044233137	1435.064509347969
3522044088176.3525	1.7129136287380486	0.009518541104602988	1405.2524102403024
3529458917835.672	1.7130955566123307	0.009303060855657743	1376.3318311442501
3536873747494.9897	1.7132756422237216	0.009094279227927755	1348.2704092944189
3544288577154.3086	1.7134538446739127	0.008891944850842992	1321.0370456020007
3551703406813.627	1.7136301298717354	0.008695816646864024	1294.601860856903
3559118236472.946	1.7138044699101425	0.008505663432702032	1268.9361522305899
3566533066132.264	1.7139768424951793	0.008321263528695272	1244.0123502546355
3573947895791.583	1.7141472304227545	0.008142404377554696	1219.8039764744115
3581362725450.902	1.7143156210993415	0.007968882173234073	1196.2856019116782
3588777555110.22	1.7144820061030348	0.007800501500594768	1173.4328064589267
3596192384769.539	1.7146463807816734	0.007637074986347621	1151.2221393016762
3603607214428.8574	1.7148087438849906	0.0074784229613382505	1129.63108040328
3611022044088.1763	1.7149690972279994	0.007324373134689243	1108.6380031546428
3618436873747.4946	1.7151274453830452	0.00717476027944372	1088.222138160716
3625851703406.8135	1.715283795398156	0.007029425930181867	1068.3635382604791
3633266533066.132	1.715438156539524	0.006888218091992187	1049.0430447122908
3640681362725.4507	1.7155905400561153	0.006750990961047867	1030.2422546075295
3648096192384.7695	1.7157409589645793	0.006617604656259398	1011.9434894569015
3655511022044.088	1.715889427852772	0.006487924962095655	994.1297649876384
3662925851703.4067	1.7160359627003445	0.006361823082049123	976.7847620953875
3670340681362.725	1.7161805807149826	0.006239175402434304	959.8927989261019
3677755511022.044	1.7163233001829912	0.006119863266354802	943.4388040850613
3685170340681.3623	1.7164641403330336	0.006003772757565203	927.4082909528337
3692585170340.681	1.716603121211923	0.0058907944935510815	911.7873330249702
3700000000000.0	1.7167402635714668	0.005780823427876523	896.5625403031534
