# Please cite this paper in any communication about any use of Correct@TDS : 
#  Coming soon...
#  Average over 10000 waveforms. Timestamp: unknown
#  timeaxis (ps) 	 E-field
-7.500786770965326014e+02	1.264944456802841264e-03
-7.500453440489991408e+02	1.225860090374865851e-03
-7.500120110014656802e+02	1.205697416058057947e-03
-7.499786779539323334e+02	9.680769429749989810e-04
-7.499453449063988728e+02	8.070353350920781094e-04
-7.499120118588654123e+02	6.467945315466191265e-04
-7.498786788113319517e+02	7.485242932242856502e-04
-7.498453457637984911e+02	5.910848210439592415e-04
-7.498120127162650306e+02	6.133572203045778871e-04
-7.497786796687316837e+02	6.338413055254785112e-04
-7.497453466211982231e+02	5.894701783436027227e-04
-7.497120135736647626e+02	5.977148691801558583e-04
-7.496786805261313020e+02	4.977317438994122937e-04
-7.496453474785978415e+02	4.509135798249588769e-04
-7.496120144310643809e+02	4.985526675008461342e-04
-7.495786813835310340e+02	5.138292127761258637e-04
-7.495453483359975735e+02	4.510140861633269230e-04
-7.495120152884641129e+02	4.617829494433622461e-04
-7.494786822409306524e+02	4.116429025420781157e-04
-7.494453491933971918e+02	4.677984666530736685e-04
-7.494120161458637313e+02	3.734068929586250207e-04
-7.493786830983303844e+02	3.650221167628916216e-04
-7.493453500507969238e+02	3.717418395506548847e-04
-7.493120170032634633e+02	3.770887223246516219e-04
-7.492786839557300027e+02	4.248603167534129900e-04
-7.492453509081965422e+02	3.361209669771591797e-04
-7.492120178606630816e+02	4.027790448354346005e-04
-7.491786848131297347e+02	3.732113568847092054e-04
-7.491453517655962742e+02	3.148788918256834957e-04
-7.491120187180628136e+02	3.082051627401277238e-04
-7.490786856705293530e+02	3.871090505270601933e-04
-7.490453526229958925e+02	3.973190188531893906e-04
-7.490120195754624319e+02	3.477077316286011780e-04
-7.489786865279290851e+02	4.098248412611531720e-04
-7.489453534803956245e+02	3.895743482481593754e-04
-7.489120204328621639e+02	4.256417225332175956e-04
-7.488786873853287034e+02	3.845681818339420090e-04
-7.488453543377952428e+02	3.961606134690838564e-04
-7.488120212902618960e+02	4.055665750616066229e-04
-7.487786882427284354e+02	3.401404584035863632e-04
-7.487453551951949748e+02	3.658773286146287476e-04
-7.487120221476615143e+02	3.699396125087538504e-04
-7.486786891001280537e+02	3.440980490901932119e-04
-7.486453560525945932e+02	3.459248969599535263e-04
-7.486120230050612463e+02	3.149552060024633066e-04
-7.485786899575277857e+02	4.211812764842438298e-04
-7.485453569099943252e+02	3.936531941634582540e-04
-7.485120238624608646e+02	3.594566361171807082e-04
-7.484786908149274041e+02	3.952201997478136134e-04
-7.484453577673939435e+02	3.379911619190263607e-04
-7.484120247198605966e+02	3.636477279391450343e-04
-7.483786916723271361e+02	3.927234473262014580e-04
-7.483453586247936755e+02	3.634209270828397367e-04
-7.483120255772602150e+02	3.851816604071642953e-04
-7.482786925297267544e+02	4.040429967333001898e-04
-7.482453594821932938e+02	4.366827334405157636e-04
-7.482120264346599470e+02	4.552248496816697540e-04
-7.481786933871264864e+02	3.923952392401695854e-04
-7.481453603395930259e+02	3.879710687211845887e-04
-7.481120272920595653e+02	4.032485616167545521e-04
-7.480786942445261047e+02	5.150737041948290828e-04
-7.480453611969926442e+02	3.816878722400899085e-04
-7.480120281494592973e+02	5.696942406694391683e-04
-7.479786951019258368e+02	4.212370206180631707e-04
-7.479453620543923762e+02	4.816583824259776467e-04
-7.479120290068589156e+02	4.671715470408152105e-04
-7.478786959593254551e+02	5.016560133673502592e-04
-7.478453629117919945e+02	4.336821986675519318e-04
-7.478120298642586476e+02	5.564869235497652260e-04
-7.477786968167251871e+02	4.242260128625644075e-04
-7.477453637691917265e+02	6.144419657482532533e-04
-7.477120307216582660e+02	4.974482301544843905e-04
-7.476786976741248054e+02	5.614713504436497039e-04
-7.476453646265913449e+02	4.804392116083235683e-04
-7.476120315790579980e+02	5.937159345204242374e-04
-7.475786985315245374e+02	6.105367748846439284e-04
-7.475453654839910769e+02	5.393656535308953993e-04
-7.475120324364576163e+02	5.759272480260972226e-04
-7.474786993889241558e+02	5.779375056202441796e-04
-7.474453663413908089e+02	6.367195298336041824e-04
-7.474120332938573483e+02	6.515261306127682504e-04
-7.473787002463238878e+02	5.850302416420806407e-04
-7.473453671987904272e+02	6.174948498496515966e-04
-7.473120341512569667e+02	5.998825647850729173e-04
-7.472787011037235061e+02	5.361846799375832211e-04
-7.472453680561901592e+02	6.645856293864359611e-04
-7.472120350086566987e+02	6.290292389281916009e-04
-7.471787019611232381e+02	6.947679664743763297e-04
-7.471453689135897775e+02	6.208833835864744580e-04
-7.471120358660563170e+02	6.720625683121676883e-04
-7.470787028185228564e+02	7.023315539378228523e-04
-7.470453697709895096e+02	6.586595584715942975e-04
-7.470120367234560490e+02	7.316520062383156985e-04
-7.469787036759225884e+02	6.483481958864780251e-04
-7.469453706283891279e+02	7.227979428908121520e-04
-7.469120375808556673e+02	6.277865319875623696e-04
-7.468787045333222068e+02	7.384777106748039149e-04
-7.468453714857888599e+02	6.759974349664573962e-04
-7.468120384382553993e+02	6.720626924576773159e-04
-7.467787053907219388e+02	7.447036280368810610e-04
-7.467453723431884782e+02	7.260764073250112636e-04
-7.467120392956550177e+02	7.290389628170681471e-04
-7.466787062481215571e+02	7.039627164397377563e-04
-7.466453732005882102e+02	7.647286227932436264e-04
-7.466120401530547497e+02	7.296654459607225616e-04
-7.465787071055212891e+02	8.336182316159342770e-04
-7.465453740579878286e+02	6.696578761311542142e-04
-7.465120410104543680e+02	8.101644035173149842e-04
-7.464787079629209074e+02	7.301647238454944460e-04
-7.464453749153875606e+02	7.888189896422599006e-04
-7.464120418678541000e+02	8.439898640933327610e-04
-7.463787088203206395e+02	7.879366455467856634e-04
-7.463453757727871789e+02	8.704529235463288970e-04
-7.463120427252537183e+02	7.394232390481886991e-04
-7.462787096777203715e+02	8.640067870132890192e-04
-7.462453766301869109e+02	7.062478857115701836e-04
-7.462120435826534504e+02	8.470442365021095934e-04
-7.461787105351199898e+02	7.510517660480888705e-04
-7.461453774875865292e+02	7.628963273984098103e-04
-7.461120444400530687e+02	7.486666503080694835e-04
-7.460787113925197218e+02	8.465334454604601933e-04
-7.460453783449862613e+02	7.675329938256404043e-04
-7.460120452974528007e+02	8.740197873028092857e-04
-7.459787122499193401e+02	7.851232056629748072e-04
-7.459453792023858796e+02	8.421282268063193157e-04
-7.459120461548524190e+02	8.906063981538595497e-04
-7.458787131073190722e+02	7.750642888394506259e-04
-7.458453800597856116e+02	8.652451967077356585e-04
-7.458120470122521510e+02	8.449401855141257332e-04
-7.457787139647186905e+02	8.862000249544518815e-04
-7.457453809171852299e+02	7.472836726575127599e-04
-7.457120478696517694e+02	8.428922315633968548e-04
-7.456787148221184225e+02	8.545664929027564421e-04
-7.456453817745849619e+02	9.369103337842549012e-04
-7.456120487270515014e+02	7.960245629165373787e-04
-7.455787156795180408e+02	9.152580505798776998e-04
-7.455453826319845803e+02	8.771239003119513447e-04
-7.455120495844511197e+02	8.097959999661673595e-04
-7.454787165369177728e+02	9.705674480252159727e-04
-7.454453834893843123e+02	7.372263925903276569e-04
-7.454120504418508517e+02	8.414578307070175959e-04
-7.453787173943173912e+02	9.362346219260937220e-04
-7.453453843467839306e+02	7.915002073131079726e-04
-7.453120512992504700e+02	9.391275132678392505e-04
-7.452787182517171232e+02	9.485838476289387396e-04
-7.452453852041836626e+02	9.373251754250581892e-04
-7.452120521566502021e+02	8.946747816439389522e-04
-7.451787191091167415e+02	9.416866021619487315e-04
-7.451453860615832809e+02	8.120755196834790772e-04
-7.451120530140499341e+02	8.817154738612945335e-04
-7.450787199665164735e+02	8.300274614574566648e-04
-7.450453869189830129e+02	9.106714361050965295e-04
-7.450120538714495524e+02	9.037006770868211917e-04
-7.449787208239160918e+02	8.933360603802190537e-04
-7.449453877763826313e+02	8.155313573567648210e-04
-7.449120547288492844e+02	9.256070698866728950e-04
-7.448787216813158238e+02	8.763749318591316020e-04
-7.448453886337823633e+02	9.592970029576512823e-04
-7.448120555862489027e+02	8.207439895885348946e-04
-7.447787225387154422e+02	9.288687690088227780e-04
-7.447453894911819816e+02	8.829578093394761578e-04
-7.447120564436486347e+02	9.033047670364105801e-04
-7.446787233961151742e+02	9.055042465013879958e-04
-7.446453903485817136e+02	9.383008992401845787e-04
-7.446120573010482531e+02	9.795186744543859722e-04
-7.445787242535147925e+02	9.042341958989968563e-04
-7.445453912059813320e+02	9.915477851070769646e-04
-7.445120581584479851e+02	8.546523164867756046e-04
-7.444787251109145245e+02	9.468464190979206411e-04
-7.444453920633810640e+02	9.708731783787553698e-04
-7.444120590158476034e+02	9.654215604924491637e-04
-7.443787259683141428e+02	9.265097605171728401e-04
-7.443453929207806823e+02	8.197986810641815598e-04
-7.443120598732473354e+02	1.007455884635773905e-03
-7.442787268257138749e+02	8.710146014921100587e-04
-7.442453937781804143e+02	9.142936149860258046e-04
-7.442120607306469537e+02	8.920884168956940471e-04
-7.441787276831134932e+02	8.883526676789711609e-04
-7.441453946355800326e+02	8.821549959903174669e-04
-7.441120615880466858e+02	9.430278073522049831e-04
-7.440787285405132252e+02	8.300323072642605549e-04
-7.440453954929797646e+02	9.420122844399754719e-04
-7.440120624454463041e+02	9.229134503643438318e-04
-7.439787293979128435e+02	9.607581212443236417e-04
-7.439453963503794967e+02	8.883328096866091334e-04
-7.439120633028460361e+02	9.121413709879865267e-04
-7.438787302553125755e+02	9.121982978100577795e-04
-7.438453972077791150e+02	9.358497966737041023e-04
-7.438120641602456544e+02	8.396110655684870363e-04
-7.437787311127121939e+02	9.443668129750774258e-04
-7.437453980651788470e+02	9.153485579557188098e-04
-7.437120650176453864e+02	8.441853543787296039e-04
-7.436787319701119259e+02	9.937320790911908369e-04
-7.436453989225784653e+02	9.044253492375886518e-04
-7.436120658750450048e+02	1.009441853348094472e-03
-7.435787328275115442e+02	8.910990872670511301e-04
-7.435453997799781973e+02	8.914335975672201678e-04
-7.435120667324447368e+02	8.856312531360545489e-04
-7.434787336849112762e+02	1.003227934899124894e-03
-7.434454006373778157e+02	9.125207928590369942e-04
-7.434120675898443551e+02	9.637126881402093437e-04
-7.433787345423108945e+02	9.472565954627311510e-04
-7.433454014947775477e+02	9.764053357311922639e-04
-7.433120684472440871e+02	9.073452948788629123e-04
-7.432787353997106266e+02	9.485171229839117497e-04
-7.432454023521771660e+02	9.790986520916429136e-04
-7.432120693046437054e+02	9.175382169617382578e-04
-7.431787362571102449e+02	9.622428317333708500e-04
-7.431454032095768980e+02	9.123248538521552689e-04
-7.431120701620434374e+02	9.556832978166248001e-04
-7.430787371145099769e+02	9.199673874570539044e-04
-7.430454040669765163e+02	9.501911750014378983e-04
-7.430120710194430558e+02	9.091570715616255046e-04
-7.429787379719095952e+02	8.822675340320653694e-04
-7.429454049243762483e+02	9.660889407086956570e-04
-7.429120718768427878e+02	1.004370305024744267e-03
-7.428787388293093272e+02	9.607441465519965876e-04
-7.428454057817758667e+02	9.239460926502246572e-04
-7.428120727342424061e+02	9.725344551218827226e-04
-7.427787396867089456e+02	8.569956185956373231e-04
-7.427454066391755987e+02	9.105918095723528234e-04
-7.427120735916421381e+02	1.003014719412718839e-03
-7.426787405441086776e+02	9.310575578989995675e-04
-7.426454074965752170e+02	1.065754675635752127e-03
-7.426120744490417565e+02	9.622568581164406276e-04
-7.425787414015084096e+02	1.074736533465008243e-03
-7.425454083539749490e+02	8.606256857809291760e-04
-7.425120753064414885e+02	1.045439711738309352e-03
-7.424787422589080279e+02	9.856133957955974523e-04
-7.424454092113745673e+02	1.010881715460124021e-03
-7.424120761638411068e+02	9.796505987536270697e-04
-7.423787431163077599e+02	9.925120820109788189e-04
-7.423454100687742994e+02	1.085757613810606420e-03
-7.423120770212408388e+02	9.921973880751729091e-04
-7.422787439737073782e+02	9.467228800350000525e-04
-7.422454109261739177e+02	1.014270751978799383e-03
-7.422120778786404571e+02	9.689224011828088609e-04
-7.421787448311071103e+02	1.080599322653871298e-03
-7.421454117835736497e+02	1.042067211319651701e-03
-7.421120787360401891e+02	1.047813587492182159e-03
-7.420787456885067286e+02	1.070807826139126518e-03
-7.420454126409732680e+02	1.020423169004433615e-03
-7.420120795934398075e+02	1.112419329273782844e-03
-7.419787465459064606e+02	1.011349820071218977e-03
-7.419454134983730000e+02	1.017380416899940805e-03
-7.419120804508395395e+02	1.105894395330827380e-03
-7.418787474033060789e+02	1.109403342618946577e-03
-7.418454143557726184e+02	1.100691398883255631e-03
-7.418120813082391578e+02	1.022444437811426609e-03
-7.417787482607058109e+02	1.194377919189187377e-03
-7.417454152131723504e+02	1.090365619776854228e-03
-7.417120821656388898e+02	1.133410067699198087e-03
-7.416787491181054293e+02	1.079557240309251317e-03
-7.416454160705719687e+02	1.135743554169376225e-03
-7.416120830230385081e+02	1.121614836901881724e-03
-7.415787499755051613e+02	1.135929387952794604e-03
-7.415454169279717007e+02	1.147289316800828313e-03
-7.415120838804382402e+02	1.147393784340685523e-03
-7.414787508329047796e+02	1.134086650615366565e-03
-7.414454177853713190e+02	1.213831276461116004e-03
-7.414120847378379722e+02	1.144799832274741476e-03
-7.413787516903045116e+02	1.204599945867759975e-03
-7.413454186427710511e+02	1.157065675648069484e-03
-7.413120855952375905e+02	1.187302452518527313e-03
-7.412787525477041299e+02	1.215798415124245664e-03
-7.412454195001706694e+02	1.244065000175793552e-03
-7.412120864526373225e+02	1.200230318742782649e-03
-7.411787534051038620e+02	1.243626651307430360e-03
-7.411454203575704014e+02	1.213985837800672044e-03
-7.411120873100369408e+02	1.208046864630944912e-03
-7.410787542625034803e+02	1.204661463158553060e-03
-7.410454212149700197e+02	1.258125186689240584e-03
-7.410120881674366728e+02	1.222785142887898449e-03
-7.409787551199032123e+02	1.260898532602288324e-03
-7.409454220723697517e+02	1.269982559106300332e-03
-7.409120890248362912e+02	1.335185079894108491e-03
-7.408787559773028306e+02	1.223609949742666741e-03
-7.408454229297693701e+02	1.242288597043489980e-03
-7.408120898822360232e+02	1.228655032522520639e-03
-7.407787568347025626e+02	1.245318733573715694e-03
-7.407454237871691021e+02	1.310085390726597673e-03
-7.407120907396356415e+02	1.244761639875471664e-03
-7.406787576921021810e+02	1.288428145093563782e-03
-7.406454246445687204e+02	1.340296786498900881e-03
-7.406120915970353735e+02	1.286278784210679758e-03
-7.405787585495019130e+02	1.316605348595554104e-03
-7.405454255019684524e+02	1.242761425819158575e-03
-7.405120924544349919e+02	1.300175608833894960e-03
-7.404787594069015313e+02	1.300908778497664913e-03
-7.404454263593680707e+02	1.351423044378610413e-03
-7.404120933118347239e+02	1.299060557541507422e-03
-7.403787602643012633e+02	1.421977770945648300e-03
-7.403454272167678027e+02	1.306098209199810581e-03
-7.403120941692343422e+02	1.417266589630792684e-03
-7.402787611217008816e+02	1.339666128057479975e-03
-7.402454280741674211e+02	1.353242205304536335e-03
-7.402120950266340742e+02	1.420879837521007083e-03
-7.401787619791006136e+02	1.352282720807709534e-03
-7.401454289315671531e+02	1.397465413058006280e-03
-7.401120958840336925e+02	1.402884358223610789e-03
-7.400787628365002320e+02	1.286728380051691293e-03
-7.400454297889668851e+02	1.418709611381684414e-03
-7.400120967414334245e+02	1.311835432020486787e-03
-7.399787636938999640e+02	1.400084742304750010e-03
-7.399454306463665034e+02	1.359850478677345278e-03
-7.399120975988330429e+02	1.416827325250931500e-03
-7.398787645512995823e+02	1.336602964564610578e-03
-7.398454315037662354e+02	1.400940064363572456e-03
-7.398120984562327749e+02	1.364292785488143952e-03
-7.397787654086993143e+02	1.357975891080809815e-03
-7.397454323611658538e+02	1.435064903830050300e-03
-7.397120993136323932e+02	1.342908482539830221e-03
-7.396787662660989326e+02	1.413826384509993261e-03
-7.396454332185655858e+02	1.342458594511892339e-03
-7.396121001710321252e+02	1.432037586206851660e-03
-7.395787671234986647e+02	1.354845939970039225e-03
-7.395454340759652041e+02	1.445591819395198371e-03
-7.395121010284317435e+02	1.374056044916988767e-03
-7.394787679808982830e+02	1.336885247806627762e-03
-7.394454349333649361e+02	1.397364713460445785e-03
-7.394121018858314756e+02	1.490897391676259493e-03
-7.393787688382980150e+02	1.327027192536429446e-03
-7.393454357907645544e+02	1.532489527118990544e-03
-7.393121027432310939e+02	1.404133596758896756e-03
-7.392787696956976333e+02	1.387657934699047801e-03
-7.392454366481642865e+02	1.413571681895116295e-03
-7.392121036006308259e+02	1.427566446211308909e-03
-7.391787705530973653e+02	1.444951347281223618e-03
-7.391454375055639048e+02	1.411832991130985895e-03
-7.391121044580304442e+02	1.450725078550122067e-03
-7.390787714104969837e+02	1.395244896182664448e-03
-7.390454383629636368e+02	1.488012274385505564e-03
-7.390121053154301762e+02	1.431646759974144340e-03
-7.389787722678967157e+02	1.438797734966836212e-03
-7.389454392203632551e+02	1.446445962119551542e-03
-7.389121061728297946e+02	1.491954929481950805e-03
-7.388787731252964477e+02	1.452895091409912897e-03
-7.388454400777629871e+02	1.465873955786353841e-03
-7.388121070302295266e+02	1.507440760707480813e-03
-7.387787739826960660e+02	1.468074658436307849e-03
-7.387454409351626055e+02	1.497199410294525190e-03
-7.387121078876291449e+02	1.452493017442116775e-03
-7.386787748400957980e+02	1.454051133596585658e-03
-7.386454417925623375e+02	1.461274835989736240e-03
-7.386121087450288769e+02	1.513333825750389026e-03
-7.385787756974954164e+02	1.499497736985814416e-03
-7.385454426499619558e+02	1.503049226514626725e-03
-7.385121096024284952e+02	1.502605825425487466e-03
-7.384787765548951484e+02	1.519205688236228459e-03
-7.384454435073616878e+02	1.488507585811402667e-03
-7.384121104598282272e+02	1.506053739199241783e-03
-7.383787774122947667e+02	1.577865168454218583e-03
-7.383454443647613061e+02	1.495201175446793851e-03
-7.383121113172278456e+02	1.499465834381521080e-03
-7.382787782696944987e+02	1.594844156226059642e-03
-7.382454452221610381e+02	1.497380167523500475e-03
-7.382121121746275776e+02	1.632047792890258409e-03
-7.381787791270941170e+02	1.548175653311701554e-03
-7.381454460795606565e+02	1.627382929299632823e-03
-7.381121130320271959e+02	1.554133097010756276e-03
-7.380787799844938490e+02	1.572505841661590333e-03
-7.380454469369603885e+02	1.571888513041092049e-03
-7.380121138894269279e+02	1.599656531035742154e-03
-7.379787808418934674e+02	1.592099042959792222e-03
-7.379454477943600068e+02	1.613034241369992522e-03
-7.379121147468265463e+02	1.595438124519244980e-03
-7.378787816992931994e+02	1.605298797185031106e-03
-7.378454486517597388e+02	1.535985186564747937e-03
-7.378121156042262783e+02	1.664358891030855549e-03
-7.377787825566928177e+02	1.574466537163972434e-03
-7.377454495091593571e+02	1.685877167877553994e-03
-7.377121164616260103e+02	1.656798461877601611e-03
-7.376787834140925497e+02	1.646023198771461894e-03
-7.376454503665590892e+02	1.619792996296590040e-03
-7.376121173190256286e+02	1.664850176453072910e-03
-7.375787842714921680e+02	1.621473164420780605e-03
-7.375454512239587075e+02	1.657510190635740760e-03
-7.375121181764253606e+02	1.650467651546658069e-03
-7.374787851288919001e+02	1.661971944046753465e-03
-7.374454520813584395e+02	1.739590125952134416e-03
-7.374121190338249789e+02	1.594702657642016940e-03
-7.373787859862915184e+02	1.731837731781967881e-03
-7.373454529387580578e+02	1.705788258215552855e-03
-7.373121198912247110e+02	1.755916447727578263e-03
-7.372787868436912504e+02	1.643124093731281564e-03
-7.372454537961577898e+02	1.708669716593412330e-03
-7.372121207486243293e+02	1.750945049978111989e-03
-7.371787877010908687e+02	1.667388075389930743e-03
-7.371454546535574082e+02	1.762026045814400537e-03
-7.371121216060240613e+02	1.715259352215639044e-03
-7.370787885584906007e+02	1.664228632875713442e-03
-7.370454555109571402e+02	1.722104544716204343e-03
-7.370121224634236796e+02	1.678851336209152834e-03
-7.369787894158902191e+02	1.741498186344412301e-03
-7.369454563683567585e+02	1.747905826713110414e-03
-7.369121233208234116e+02	1.769556353554131104e-03
-7.368787902732899511e+02	1.707832156618735182e-03
-7.368454572257564905e+02	1.609808279103549199e-03
-7.368121241782230300e+02	1.659567948042676294e-03
-7.367787911306895694e+02	1.693399299712807903e-03
-7.367454580831561088e+02	1.667293419705408045e-03
-7.367121250356227620e+02	1.738602131857840084e-03
-7.366787919880893014e+02	1.749995231577518512e-03
-7.366454589405558409e+02	1.729787416491066670e-03
-7.366121258930223803e+02	1.677714655212656772e-03
-7.365787928454889197e+02	1.708692308574623906e-03
-7.365454597979555729e+02	1.714301639915682398e-03
-7.365121267504221123e+02	1.727014585250282071e-03
-7.364787937028886518e+02	1.785905844721816758e-03
-7.364454606553551912e+02	1.747289852991468001e-03
-7.364121276078217306e+02	1.635429211182134156e-03
-7.363787945602882701e+02	1.786655745729462830e-03
-7.363454615127549232e+02	1.705309204142278724e-03
-7.363121284652214626e+02	1.755835424847437039e-03
-7.362787954176880021e+02	1.706071788966921285e-03
-7.362454623701545415e+02	1.711815088247362103e-03
-7.362121293226210810e+02	1.752658536645232629e-03
-7.361787962750876204e+02	1.715956897885327972e-03
-7.361454632275542735e+02	1.728868879413970189e-03
-7.361121301800208130e+02	1.786406163092136299e-03
-7.360787971324873524e+02	1.725406859407505522e-03
-7.360454640849538919e+02	1.705826618688416384e-03
-7.360121310374204313e+02	1.771880363986034438e-03
-7.359787979898869708e+02	1.786653106423035124e-03
-7.359454649423536239e+02	1.753683355066711948e-03
-7.359121318948201633e+02	1.780505712802975217e-03
-7.358787988472867028e+02	1.800973758673766805e-03
-7.358454657997532422e+02	1.776685524037983216e-03
-7.358121327522197817e+02	1.722547447765776550e-03
-7.357787997046863211e+02	1.752605086659875418e-03
-7.357454666571529742e+02	1.836157394999167643e-03
-7.357121336096195137e+02	1.809902013496882817e-03
-7.356788005620860531e+02	1.765182684615512190e-03
-7.356454675145525925e+02	1.762330813752111805e-03
-7.356121344670191320e+02	1.814782248774273561e-03
-7.355788014194856714e+02	1.764286430246863853e-03
-7.355454683719523246e+02	1.735161767918431139e-03
-7.355121353244188640e+02	1.784543756012875546e-03
-7.354788022768854034e+02	1.803711042640678474e-03
-7.354454692293519429e+02	1.806509471764690010e-03
-7.354121361818184823e+02	1.782780637191942524e-03
-7.353788031342851355e+02	1.837000050133596150e-03
-7.353454700867516749e+02	1.820143591139601873e-03
-7.353121370392182143e+02	1.776946131250905061e-03
-7.352788039916847538e+02	1.826193707628259852e-03
-7.352454709441512932e+02	1.862338909812259009e-03
-7.352121378966178327e+02	1.812057343885848998e-03
-7.351788048490844858e+02	1.828975304094658571e-03
-7.351454718015510252e+02	1.695814250162771923e-03
-7.351121387540175647e+02	1.810077954388304711e-03
-7.350788057064841041e+02	1.798617475776964668e-03
-7.350454726589506436e+02	1.804984033445086039e-03
-7.350121396114171830e+02	1.784161366498622720e-03
-7.349788065638838361e+02	1.835605374542832215e-03
-7.349454735163503756e+02	1.766263549892959197e-03
-7.349121404688169150e+02	1.814461219788865778e-03
-7.348788074212834545e+02	1.793580475768956264e-03
-7.348454743737499939e+02	1.853182148190274164e-03
-7.348121413262165333e+02	1.839539541390135475e-03
-7.347788082786831865e+02	1.867221598830038579e-03
-7.347454752311497259e+02	1.846523814724519491e-03
-7.347121421836162654e+02	1.780004814524589881e-03
-7.346788091360828048e+02	1.854996024290386141e-03
-7.346454760885493442e+02	1.761670020769814157e-03
-7.346121430410158837e+02	1.856128928166569068e-03
-7.345788099934825368e+02	1.832411763362765513e-03
-7.345454769459490763e+02	1.862135751749208895e-03
-7.345121438984156157e+02	1.844397670351488518e-03
-7.344788108508821551e+02	1.884122833302908891e-03
-7.344454778033486946e+02	1.828689285089577258e-03
-7.344121447558152340e+02	1.882538678287111380e-03
-7.343788117082818871e+02	1.873984194608334852e-03
-7.343454786607484266e+02	1.787216439763563564e-03
-7.343121456132149660e+02	1.914595553913278582e-03
-7.342788125656815055e+02	1.811123190147615521e-03
-7.342454795181480449e+02	1.859037647820914333e-03
-7.342121464706146980e+02	1.841402261577327953e-03
-7.341788134230812375e+02	1.837937826062025631e-03
-7.341454803755477769e+02	1.862644714936893863e-03
-7.341121473280143164e+02	1.812482956352049878e-03
-7.340788142804808558e+02	1.832179995923221682e-03
-7.340454812329473953e+02	1.845270997856433533e-03
-7.340121481854140484e+02	1.787344103631550779e-03
-7.339788151378805878e+02	1.884836685876255290e-03
-7.339454820903471273e+02	1.817667918497957403e-03
-7.339121490428136667e+02	1.859135970312994707e-03
-7.338788159952802062e+02	1.785653784131291475e-03
-7.338454829477467456e+02	1.850415293632734015e-03
-7.338121499002133987e+02	1.822009653604943907e-03
-7.337788168526799382e+02	1.834160504542831603e-03
-7.337454838051464776e+02	1.875807516833672816e-03
-7.337121507576130170e+02	1.857041121007145523e-03
-7.336788177100795565e+02	1.751757870242262203e-03
-7.336454846625460959e+02	1.842150766181412450e-03
-7.336121516150127491e+02	1.814563484402287536e-03
-7.335788185674792885e+02	1.843535165330421324e-03
-7.335454855199458279e+02	1.787235732322682178e-03
-7.335121524724123674e+02	1.833817326693038680e-03
-7.334788194248789068e+02	1.793624482987329124e-03
-7.334454863773454463e+02	1.812591164674731865e-03
-7.334121533298120994e+02	1.765369421878100952e-03
-7.333788202822786388e+02	1.735050268452571938e-03
-7.333454872347451783e+02	1.793070986343330703e-03
-7.333121541872117177e+02	1.791963112804930260e-03
-7.332788211396782572e+02	1.839055306272640092e-03
-7.332454880921447966e+02	1.782148665055189631e-03
-7.332121550446114497e+02	1.807820537914756271e-03
-7.331788219970779892e+02	1.815859968995487328e-03
-7.331454889495445286e+02	1.800546827325422670e-03
-7.331121559020110681e+02	1.715110103390234684e-03
-7.330788228544776075e+02	1.817291699288869390e-03
-7.330454898069442606e+02	1.764884262358437910e-03
-7.330121567594108001e+02	1.788031957212180868e-03
-7.329788237118773395e+02	1.777757905957712530e-03
-7.329454906643438790e+02	1.751417292821190594e-03
-7.329121576168104184e+02	1.703938447849806179e-03
-7.328788245692769578e+02	1.804311158891815786e-03
-7.328454915217434973e+02	1.709396086727096821e-03
-7.328121584742101504e+02	1.710273929999460256e-03
-7.327788254266766899e+02	1.801412695627204992e-03
-7.327454923791432293e+02	1.759062014052727553e-03
-7.327121593316097687e+02	1.682899967180582221e-03
-7.326788262840763082e+02	1.755752776156674268e-03
-7.326454932365429613e+02	1.709371397258343953e-03
-7.326121601890095008e+02	1.689879211266946462e-03
-7.325788271414760402e+02	1.746230081255448208e-03
-7.325454940939425796e+02	1.736600356698510391e-03
-7.325121610464091191e+02	1.708977098412162079e-03
-7.324788279988756585e+02	1.652565654821992139e-03
-7.324454949513423117e+02	1.652519142660514775e-03
-7.324121619038088511e+02	1.740288394513604285e-03
-7.323788288562753905e+02	1.696277031287121055e-03
-7.323454958087419300e+02	1.658393341375111966e-03
-7.323121627612084694e+02	1.681062554226686557e-03
-7.322788297136750089e+02	1.694938765856755618e-03
-7.322454966661416620e+02	1.656099329919729626e-03
-7.322121636186082014e+02	1.688839920201354056e-03
-7.321788305710747409e+02	1.598867940157030912e-03
-7.321454975235412803e+02	1.710238562277633951e-03
-7.321121644760078198e+02	1.550148349371488011e-03
-7.320788314284743592e+02	1.611094098812217287e-03
-7.320454983809410123e+02	1.618351613687676058e-03
-7.320121653334075518e+02	1.634980039783536995e-03
-7.319788322858740912e+02	1.662537944586070125e-03
-7.319454992383406307e+02	1.662207528178391829e-03
-7.319121661908071701e+02	1.607270373646127546e-03
-7.318788331432737095e+02	1.631389436198126897e-03
-7.318455000957403627e+02	1.587172176769209055e-03
-7.318121670482069021e+02	1.618429968360732534e-03
-7.317788340006734416e+02	1.639742767068599633e-03
-7.317455009531399810e+02	1.585584446680341928e-03
-7.317121679056065204e+02	1.623911111797263739e-03
-7.316788348580730599e+02	1.604524588083627553e-03
-7.316455018105397130e+02	1.571375721441907805e-03
-7.316121687630062524e+02	1.601981209100715627e-03
-7.315788357154727919e+02	1.567242324639066004e-03
-7.315455026679393313e+02	1.584906885669591778e-03
-7.315121696204058708e+02	1.611997076420846860e-03
-7.314788365728725239e+02	1.567375626875225532e-03
-7.314455035253390633e+02	1.577848659995478809e-03
-7.314121704778056028e+02	1.550562970098984337e-03
-7.313788374302721422e+02	1.616280173139247401e-03
-7.313455043827386817e+02	1.547965388953228454e-03
-7.313121713352052211e+02	1.567760197968829554e-03
-7.312788382876718742e+02	1.605797330818083384e-03
-7.312455052401384137e+02	1.603738292531247441e-03
-7.312121721926049531e+02	1.532811822492657992e-03
-7.311788391450714926e+02	1.607333985339386758e-03
-7.311455060975380320e+02	1.598260515116087591e-03
-7.311121730500045715e+02	1.589232055435347386e-03
-7.310788400024712246e+02	1.593297603905353705e-03
-7.310455069549377640e+02	1.662419774152863608e-03
-7.310121739074043035e+02	1.537238352756237214e-03
-7.309788408598708429e+02	1.577588258455895351e-03
-7.309455078123373823e+02	1.589471637380751113e-03
-7.309121747648039218e+02	1.605066510513186240e-03
-7.308788417172705749e+02	1.566913535054561928e-03
-7.308455086697371144e+02	1.563674882718390493e-03
-7.308121756222036538e+02	1.635491594786818307e-03
-7.307788425746701932e+02	1.578762672718872408e-03
-7.307455095271367327e+02	1.585073979620441401e-03
-7.307121764796032721e+02	1.559684500822367285e-03
-7.306788434320699253e+02	1.548763601622582357e-03
-7.306455103845364647e+02	1.526809635449896544e-03
-7.306121773370030041e+02	1.574769503278997855e-03
-7.305788442894695436e+02	1.539366907289865544e-03
-7.305455112419360830e+02	1.556758191395974473e-03
-7.305121781944026225e+02	1.541404181886486032e-03
-7.304788451468692756e+02	1.561985351409509891e-03
-7.304455120993358150e+02	1.525367801706928620e-03
-7.304121790518023545e+02	1.521952425059540761e-03
-7.303788460042688939e+02	1.433864669220319106e-03
-7.303455129567354334e+02	1.491683146012295945e-03
-7.303121799092020865e+02	1.639932730717971352e-03
-7.302788468616686259e+02	1.490234513336501998e-03
-7.302455138141351654e+02	1.590434484830620474e-03
-7.302121807666017048e+02	1.522537852849352143e-03
-7.301788477190682443e+02	1.463456696447407038e-03
-7.301455146715347837e+02	1.517759113401746145e-03
-7.301121816240014368e+02	1.599971763200292406e-03
-7.300788485764679763e+02	1.517080689991871225e-03
-7.300455155289345157e+02	1.521394698907601196e-03
-7.300121824814010552e+02	1.504765621376564491e-03
-7.299788494338675946e+02	1.574760330147274238e-03
-7.299455163863341340e+02	1.583775404556443840e-03
-7.299121833388007872e+02	1.485109718008280951e-03
-7.298788502912673266e+02	1.532315551626370473e-03
-7.298455172437338661e+02	1.453211008421412048e-03
-7.298121841962004055e+02	1.502000731328931088e-03
-7.297788511486669449e+02	1.555468809834041795e-03
-7.297455181011334844e+02	1.420358548691660070e-03
-7.297121850536001375e+02	1.494200507094810152e-03
-7.296788520060666769e+02	1.526689630187915651e-03
-7.296455189585332164e+02	1.472924565940910910e-03
-7.296121859109997558e+02	1.529732940399824428e-03
-7.295788528634662953e+02	1.493548885797585813e-03
-7.295455198159328347e+02	1.491229653051677354e-03
-7.295121867683994878e+02	1.514763446323996992e-03
-7.294788537208660273e+02	1.486756921157060020e-03
-7.294455206733325667e+02	1.460567345696219986e-03
-7.294121876257991062e+02	1.432759954836733364e-03
-7.293788545782656456e+02	1.445427405264685305e-03
-7.293455215307321851e+02	1.418862618286879278e-03
-7.293121884831988382e+02	1.486644702179912162e-03
-7.292788554356653776e+02	1.439312512756860509e-03
-7.292455223881319171e+02	1.486950941712255822e-03
-7.292121893405984565e+02	1.437493000691953413e-03
-7.291788562930649960e+02	1.487405215479273334e-03
-7.291455232455316491e+02	1.423469767069364747e-03
-7.291121901979981885e+02	1.454295406847327943e-03
-7.290788571504647280e+02	1.476937411303845581e-03
-7.290455241029312674e+02	1.463805915640745614e-03
-7.290121910553978068e+02	1.420731372789164285e-03
-7.289788580078643463e+02	1.476072881061719607e-03
-7.289455249603309994e+02	1.433782545226788396e-03
-7.289121919127975389e+02	1.425333587105583099e-03
-7.288788588652640783e+02	1.422940988552247148e-03
-7.288455258177306177e+02	1.410605734933581979e-03
-7.288121927701971572e+02	1.363331527330970735e-03
-7.287788597226636966e+02	1.427788246277998142e-03
-7.287455266751303498e+02	1.401536075046089019e-03
-7.287121936275968892e+02	1.375437196337397265e-03
-7.286788605800634286e+02	1.411924912778554078e-03
-7.286455275325299681e+02	1.327148326640576565e-03
-7.286121944849965075e+02	1.395248402585729918e-03
-7.285788614374630470e+02	1.390409157405036273e-03
-7.285455283899297001e+02	1.342554562397563342e-03
-7.285121953423962395e+02	1.413859075159187200e-03
-7.284788622948627790e+02	1.416300073439163932e-03
-7.284455292473293184e+02	1.346472623506725667e-03
-7.284121961997958579e+02	1.384183499715010241e-03
-7.283788631522623973e+02	1.408701631077183616e-03
-7.283455301047290504e+02	1.372716731067243155e-03
-7.283121970571955899e+02	1.362877377674009656e-03
-7.282788640096621293e+02	1.366769782303759199e-03
-7.282455309621286688e+02	1.397128488835077753e-03
-7.282121979145952082e+02	1.389112070221807391e-03
-7.281788648670617476e+02	1.319528129493181086e-03
-7.281455318195284008e+02	1.418288924890974108e-03
-7.281121987719949402e+02	1.308889650930906328e-03
-7.280788657244614797e+02	1.353224953459411127e-03
-7.280455326769280191e+02	1.431012427079336041e-03
-7.280121996293945585e+02	1.327028031137602324e-03
-7.279788665818612117e+02	1.342138432895413408e-03
-7.279455335343277511e+02	1.271499815020858248e-03
-7.279122004867942906e+02	1.345942307533565599e-03
-7.278788674392608300e+02	1.315327563565068560e-03
-7.278455343917273694e+02	1.345305518259701412e-03
-7.278122013441939089e+02	1.355759493699633693e-03
-7.277788682966605620e+02	1.287973519043536432e-03
-7.277455352491271015e+02	1.377135581253011469e-03
-7.277122022015936409e+02	1.272760044597315374e-03
-7.276788691540601803e+02	1.366669341816768293e-03
-7.276455361065267198e+02	1.290487097791960178e-03
-7.276122030589932592e+02	1.344074481529278046e-03
-7.275788700114599123e+02	1.308299710357802926e-03
-7.275455369639264518e+02	1.246392095962254448e-03
-7.275122039163929912e+02	1.306097470964809673e-03
-7.274788708688595307e+02	1.353504355952029302e-03
-7.274455378213260701e+02	1.233338077677062754e-03
-7.274122047737926096e+02	1.301172955953828862e-03
-7.273788717262592627e+02	1.185949406463859910e-03
-7.273455386787258021e+02	1.334230924502908958e-03
-7.273122056311923416e+02	1.244159031463905373e-03
-7.272788725836588810e+02	1.286671359759523035e-03
-7.272455395361254205e+02	1.338877372909272074e-03
-7.272122064885919599e+02	1.275711808843658186e-03
-7.271788734410586130e+02	1.289188551727072371e-03
-7.271455403935251525e+02	1.213758849523468610e-03
-7.271122073459916919e+02	1.270612556146239044e-03
-7.270788742984582314e+02	1.341203874933903552e-03
-7.270455412509247708e+02	1.251847752085318444e-03
-7.270122082033913102e+02	1.338232212480813940e-03
-7.269788751558579634e+02	1.332725971715070920e-03
-7.269455421083245028e+02	1.301025695153714247e-03
-7.269122090607910422e+02	1.198269220969272247e-03
-7.268788760132575817e+02	1.279324270527127045e-03
-7.268455429657241211e+02	1.276273522408181245e-03
-7.268122099181907743e+02	1.306155834127687961e-03
-7.267788768706573137e+02	1.263093991787765701e-03
-7.267455438231238531e+02	1.271861983474251038e-03
-7.267122107755903926e+02	1.238273226898093434e-03
-7.266788777280569320e+02	1.229878834108515985e-03
-7.266455446805234715e+02	1.275150579515384967e-03
-7.266122116329901246e+02	1.203703527232653130e-03
-7.265788785854566640e+02	1.258719556485850179e-03
-7.265455455379232035e+02	1.222646660902829401e-03
-7.265122124903897429e+02	1.257275226914929744e-03
-7.264788794428562824e+02	1.204547289469867820e-03
-7.264455463953228218e+02	1.277516191913325100e-03
-7.264122133477894749e+02	1.260908488971838100e-03
-7.263788803002560144e+02	1.235640592524171960e-03
-7.263455472527225538e+02	1.288819299243971692e-03
-7.263122142051890933e+02	1.153535308330123389e-03
-7.262788811576556327e+02	1.234335414581606925e-03
-7.262455481101221721e+02	1.266581967260595317e-03
-7.262122150625888253e+02	1.254753183572322002e-03
-7.261788820150553647e+02	1.225488090899351252e-03
-7.261455489675219042e+02	1.198389401472252586e-03
-7.261122159199884436e+02	1.201914838806404867e-03
-7.260788828724549830e+02	1.246180349330793620e-03
-7.260455498249215225e+02	1.264020872473736084e-03
-7.260122167773881756e+02	1.160802487629577183e-03
-7.259788837298547151e+02	1.284610559832970829e-03
-7.259455506823212545e+02	1.232157712466828807e-03
-7.259122176347877939e+02	1.195102302896282245e-03
-7.258788845872543334e+02	1.231359401661878033e-03
-7.258455515397208728e+02	1.249757073012725201e-03
-7.258122184921875260e+02	1.222838955068172731e-03
-7.257788854446540654e+02	1.286039573920514083e-03
-7.257455523971206048e+02	1.183926182312266488e-03
-7.257122193495871443e+02	1.248514726272590726e-03
-7.256788863020536837e+02	1.171951439316644980e-03
-7.256455532545203368e+02	1.240388335140194063e-03
-7.256122202069868763e+02	1.269784509811210755e-03
-7.255788871594534157e+02	1.186944730154728452e-03
-7.255455541119199552e+02	1.204156820190117926e-03
-7.255122210643864946e+02	1.170308854038329752e-03
-7.254788880168530341e+02	1.224486548521834832e-03
-7.254455549693196872e+02	1.208318586784270588e-03
-7.254122219217862266e+02	1.166864615112275447e-03
-7.253788888742527661e+02	1.167390890199338643e-03
-7.253455558267193055e+02	1.173999146817559635e-03
-7.253122227791858450e+02	1.186179445317485457e-03
-7.252788897316523844e+02	1.205162403131959529e-03
-7.252455566841190375e+02	1.210522287594179491e-03
-7.252122236365855770e+02	1.193961522915981243e-03
-7.251788905890521164e+02	1.187019069807359857e-03
-7.251455575415186559e+02	1.269332894457674563e-03
-7.251122244939851953e+02	1.237982493477755505e-03
-7.250788914464517347e+02	1.239861128197616673e-03
-7.250455583989183879e+02	1.245743912710949248e-03
-7.250122253513849273e+02	1.119848002344419691e-03
-7.249788923038514667e+02	1.178453121638930795e-03
-7.249455592563180062e+02	1.180355216683053564e-03
-7.249122262087845456e+02	1.189563687710776599e-03
-7.248788931612510851e+02	1.151200082024568788e-03
-7.248455601137177382e+02	1.102878510448303912e-03
-7.248122270661842776e+02	1.226665932468779105e-03
-7.247788940186508171e+02	1.159239209377154346e-03
-7.247455609711173565e+02	1.144985271564884569e-03
-7.247122279235838960e+02	1.199352637593738974e-03
-7.246788948760504354e+02	1.168069661513844882e-03
-7.246455618285170885e+02	1.248903258047229410e-03
-7.246122287809836280e+02	1.125788931479663113e-03
-7.245788957334501674e+02	1.181408780010309275e-03
-7.245455626859167069e+02	1.206486799993404090e-03
-7.245122296383832463e+02	1.187053877765863446e-03
-7.244788965908498994e+02	1.189072116712942481e-03
-7.244455635433164389e+02	1.216986288814473401e-03
-7.244122304957829783e+02	1.172543308518278048e-03
-7.243788974482495178e+02	1.146080359054782926e-03
-7.243455644007160572e+02	1.134576312747994373e-03
-7.243122313531825966e+02	1.206383838275577750e-03
-7.242788983056491361e+02	1.165914136603665979e-03
-7.242455652581157892e+02	1.095608651350721274e-03
-7.242122322105823287e+02	1.191592500319926763e-03
-7.241788991630488681e+02	1.121577669556810724e-03
-7.241455661155154075e+02	1.146484113407524388e-03
-7.241122330679819470e+02	1.234312935925427433e-03
-7.240789000204486001e+02	1.152596188253137343e-03
-7.240455669729151396e+02	1.178063981577773950e-03
-7.240122339253816790e+02	1.224191846625400119e-03
-7.239789008778482184e+02	1.132940316533067367e-03
-7.239455678303147579e+02	1.112902405074987690e-03
-7.239122347827812973e+02	1.220058343186066364e-03
-7.238789017352479505e+02	1.154413516962109155e-03
-7.238455686877144899e+02	1.130476780429187471e-03
-7.238122356401810293e+02	1.183140206121193524e-03
-7.237789025926475688e+02	1.158432495155488047e-03
-7.237455695451141082e+02	1.137076390455972778e-03
-7.237122364975806477e+02	1.192523228937170023e-03
-7.236789034500473008e+02	1.206554554296323557e-03
-7.236455704025138402e+02	1.126691637390246897e-03
-7.236122373549803797e+02	1.110204632771943185e-03
-7.235789043074469191e+02	1.186636820746954802e-03
-7.235455712599134586e+02	1.115843293052540177e-03
-7.235122382123799980e+02	1.178871770961261800e-03
-7.234789051648466511e+02	1.127166043009647034e-03
-7.234455721173131906e+02	1.048668612577608426e-03
-7.234122390697797300e+02	1.149313268241136448e-03
-7.233789060222462695e+02	1.130558138874918333e-03
-7.233455729747128089e+02	1.067007200878933738e-03
-7.233122399271793483e+02	1.154522112091708368e-03
-7.232789068796460015e+02	1.167275932143124577e-03
-7.232455738321125409e+02	1.117775956261425835e-03
-7.232122407845790804e+02	1.083906788419493252e-03
-7.231789077370456198e+02	1.172675576024502161e-03
-7.231455746895121592e+02	1.208406147844661837e-03
-7.231122416419786987e+02	1.090164060545834425e-03
-7.230789085944453518e+02	1.078994132995562049e-03
-7.230455755469118913e+02	1.078813406563889190e-03
-7.230122424993784307e+02	1.098049578418780134e-03
-7.229789094518449701e+02	1.054123351499826984e-03
-7.229455764043115096e+02	1.109598850417924934e-03
-7.229122433567781627e+02	1.068798751717093664e-03
-7.228789103092447021e+02	1.118707056635279183e-03
-7.228455772617112416e+02	1.145169355176919694e-03
-7.228122442141777810e+02	1.058707490033434281e-03
-7.227789111666443205e+02	1.146594793709527701e-03
-7.227455781191108599e+02	1.108205373052103008e-03
-7.227122450715775130e+02	1.067745885818293002e-03
-7.226789120240440525e+02	1.098414803876755774e-03
-7.226455789765105919e+02	1.177705421807829795e-03
-7.226122459289771314e+02	1.075218237943490395e-03
-7.225789128814436708e+02	1.066284001031454027e-03
-7.225455798339102103e+02	1.134654722600668452e-03
-7.225122467863768634e+02	1.149142938423949791e-03
-7.224789137388434028e+02	1.131100412576919794e-03
-7.224455806913099423e+02	1.034203913284671011e-03
-7.224122476437764817e+02	1.069226731063881468e-03
-7.223789145962430212e+02	1.081339296921532021e-03
-7.223455815487095606e+02	1.128110981171343485e-03
-7.223122485011762137e+02	1.068247532983323308e-03
-7.222789154536427532e+02	1.150397409808677496e-03
-7.222455824061092926e+02	1.162715695649124172e-03
-7.222122493585758320e+02	1.141079241133294460e-03
-7.221789163110423715e+02	1.144964858498560270e-03
-7.221455832635089109e+02	1.051082520958522039e-03
-7.221122502159755641e+02	1.153581607276894447e-03
-7.220789171684421035e+02	1.130567806959097057e-03
-7.220455841209086429e+02	1.092228076066386472e-03
-7.220122510733751824e+02	1.176961652376818605e-03
-7.219789180258417218e+02	1.137719757906689808e-03
-7.219455849783082613e+02	1.166028364340177762e-03
-7.219122519307749144e+02	1.220588233015281864e-03
-7.218789188832414538e+02	1.204858396770952522e-03
-7.218455858357079933e+02	1.201416089685521018e-03
-7.218122527881745327e+02	1.174135869979624778e-03
-7.217789197406410722e+02	1.120607953741579446e-03
-7.217455866931077253e+02	1.151853695715574768e-03
-7.217122536455742647e+02	1.107358706366395407e-03
-7.216789205980408042e+02	1.139102750061485704e-03
-7.216455875505073436e+02	1.194620185833306395e-03
-7.216122545029738831e+02	1.125570161928584256e-03
-7.215789214554404225e+02	1.199464662298567463e-03
-7.215455884079070756e+02	1.132101148347730742e-03
-7.215122553603736151e+02	1.206034758241157938e-03
-7.214789223128401545e+02	1.128404476218321673e-03
-7.214455892653066940e+02	1.217358382347256485e-03
-7.214122562177732334e+02	1.178452952966573247e-03
-7.213789231702397728e+02	1.136968707004430397e-03
-7.213455901227064260e+02	1.213841690295044875e-03
-7.213122570751729654e+02	1.188361250986446445e-03
-7.212789240276395049e+02	1.093379634993122979e-03
-7.212455909801060443e+02	1.186789235331943979e-03
-7.212122579325725837e+02	1.188383770228660253e-03
-7.211789248850391232e+02	1.138469381545724945e-03
-7.211455918375057763e+02	1.182305741389501038e-03
-7.211122587899723158e+02	1.177442237879845061e-03
-7.210789257424388552e+02	1.225270689515575587e-03
-7.210455926949053946e+02	1.171112268973895001e-03
-7.210122596473719341e+02	1.238299769859143879e-03
-7.209789265998384735e+02	1.198908710060245025e-03
-7.209455935523051267e+02	1.221329982161542798e-03
-7.209122605047716661e+02	1.190932567573891546e-03
-7.208789274572382055e+02	1.184388134486952368e-03
-7.208455944097047450e+02	1.311700657907826370e-03
-7.208122613621712844e+02	1.201324836564557135e-03
-7.207789283146378239e+02	1.189686396358192273e-03
-7.207455952671044770e+02	1.111739358826577869e-03
-7.207122622195710164e+02	1.217765813617155196e-03
-7.206789291720375559e+02	1.196917746302229900e-03
-7.206455961245040953e+02	1.155538828256587455e-03
-7.206122630769706348e+02	1.188278882281369785e-03
-7.205789300294372879e+02	1.144311475926537182e-03
-7.205455969819038273e+02	1.202089977174926631e-03
-7.205122639343703668e+02	1.145008581935833382e-03
-7.204789308868369062e+02	1.153986017594812834e-03
-7.204455978393034457e+02	1.146213558652860610e-03
-7.204122647917699851e+02	1.182633573914419886e-03
-7.203789317442366382e+02	1.227082059360353871e-03
-7.203455986967031777e+02	1.268405061217471206e-03
-7.203122656491697171e+02	1.171857936476708786e-03
-7.202789326016362565e+02	1.156734140700341760e-03
-7.202455995541027960e+02	1.231586917263723753e-03
-7.202122665065693354e+02	1.163745273580179445e-03
-7.201789334590359886e+02	1.280607736853946145e-03
-7.201456004115025280e+02	1.236210296585578752e-03
-7.201122673639690674e+02	1.184708629845334770e-03
-7.200789343164356069e+02	1.227596104215249130e-03
-7.200456012689021463e+02	1.262419042308055147e-03
-7.200122682213686858e+02	1.262742202934040740e-03
-7.199789351738353389e+02	1.152317755200538314e-03
-7.199456021263018783e+02	1.255282623324736587e-03
-7.199122690787684178e+02	1.217213817239283383e-03
-7.198789360312349572e+02	1.208113847414074267e-03
-7.198456029837014967e+02	1.250590032285594979e-03
-7.198122699361680361e+02	1.268469476769473227e-03
-7.197789368886346892e+02	1.232461800671408531e-03
-7.197456038411012287e+02	1.253539138577333114e-03
-7.197122707935677681e+02	1.260656701503786890e-03
-7.196789377460343076e+02	1.184929242250651110e-03
-7.196456046985008470e+02	1.264870302656390371e-03
-7.196122716509673864e+02	1.206882879137649014e-03
-7.195789386034340396e+02	1.282153225610710304e-03
-7.195456055559005790e+02	1.151084790748439302e-03
-7.195122725083671185e+02	1.276541421306923770e-03
-7.194789394608336579e+02	1.156731914093592087e-03
-7.194456064133001973e+02	1.209179078768767446e-03
-7.194122733657668505e+02	1.177470891070122759e-03
-7.193789403182333899e+02	1.223009462473514941e-03
-7.193456072706999294e+02	1.156303471051733662e-03
-7.193122742231664688e+02	1.232825608789325702e-03
-7.192789411756330082e+02	1.179836375623176522e-03
-7.192456081280995477e+02	1.172115103356777613e-03
-7.192122750805662008e+02	1.150492658038424669e-03
-7.191789420330327403e+02	1.137505976270812265e-03
-7.191456089854992797e+02	1.199543229026972481e-03
-7.191122759379658191e+02	1.156129484084643345e-03
-7.190789428904323586e+02	1.204938256266510199e-03
-7.190456098428988980e+02	1.212721757563067987e-03
-7.190122767953655512e+02	1.191884573881181117e-03
-7.189789437478320906e+02	1.115342542478048229e-03
-7.189456107002986300e+02	1.209001072712924786e-03
-7.189122776527651695e+02	1.131904048887241460e-03
-7.188789446052317089e+02	1.211823060904726685e-03
-7.188456115576982484e+02	1.151915019160002244e-03
-7.188122785101649015e+02	1.219592802964716664e-03
-7.187789454626314409e+02	1.168690786289455210e-03
-7.187456124150979804e+02	1.215156606438141029e-03
-7.187122793675645198e+02	1.157278035087028201e-03
-7.186789463200310593e+02	1.166469777672920474e-03
-7.186456132724975987e+02	1.153637913038954447e-03
-7.186122802249642518e+02	1.204741581483271531e-03
-7.185789471774307913e+02	1.175768901134255752e-03
-7.185456141298973307e+02	1.152873281675393085e-03
-7.185122810823638702e+02	1.194922223863015319e-03
-7.184789480348304096e+02	1.140247834004454305e-03
-7.184456149872969490e+02	1.206445752484890371e-03
-7.184122819397636022e+02	1.242496780019212901e-03
-7.183789488922301416e+02	1.141003896445613513e-03
-7.183456158446966811e+02	1.094847528995574045e-03
-7.183122827971632205e+02	1.126889321931638308e-03
-7.182789497496297599e+02	1.207277103328348138e-03
-7.182456167020964131e+02	1.183685689027477944e-03
-7.182122836545629525e+02	1.105586590262762695e-03
-7.181789506070294919e+02	1.126233898896307570e-03
-7.181456175594960314e+02	1.161667117626154168e-03
-7.181122845119625708e+02	1.130367989723592972e-03
-7.180789514644291103e+02	1.171538055801542820e-03
-7.180456184168956497e+02	1.176424509680235866e-03
-7.180122853693623028e+02	1.193121814738419420e-03
-7.179789523218288423e+02	1.197638049394687560e-03
-7.179456192742953817e+02	1.139570302717677654e-03
-7.179122862267619212e+02	1.197316594518963708e-03
-7.178789531792284606e+02	1.239494222487478583e-03
-7.178456201316951137e+02	1.261967672961799257e-03
-7.178122870841616532e+02	1.245572245345457187e-03
-7.177789540366281926e+02	1.162319329885576954e-03
-7.177456209890947321e+02	1.207027449799148722e-03
-7.177122879415612715e+02	1.178042033458778521e-03
-7.176789548940278110e+02	1.209416800349448441e-03
-7.176456218464944641e+02	1.252239054210509172e-03
-7.176122887989610035e+02	1.209255478481500090e-03
-7.175789557514275430e+02	1.254565909035636065e-03
-7.175456227038940824e+02	1.207996753833120518e-03
-7.175122896563606218e+02	1.227243551524728488e-03
-7.174789566088271613e+02	1.243882996681223855e-03
-7.174456235612938144e+02	1.172319577975004887e-03
-7.174122905137603539e+02	1.183902317999836664e-03
-7.173789574662268933e+02	1.180643120219318542e-03
-7.173456244186934327e+02	1.190691013996036983e-03
-7.173122913711599722e+02	1.157942457803542600e-03
-7.172789583236265116e+02	1.231569218949390586e-03
-7.172456252760931648e+02	1.118277014781222890e-03
-7.172122922285597042e+02	1.268725122343511034e-03
-7.171789591810262436e+02	1.217497922273120181e-03
-7.171456261334927831e+02	1.226152209732672953e-03
-7.171122930859593225e+02	1.136314285744748423e-03
-7.170789600384259757e+02	1.124037181903427040e-03
-7.170456269908925151e+02	1.258593723237185326e-03
-7.170122939433590545e+02	1.154703896131496462e-03
-7.169789608958255940e+02	1.254202384619004015e-03
-7.169456278482921334e+02	1.194591109875452542e-03
-7.169122948007586729e+02	1.243439180124957097e-03
-7.168789617532252123e+02	1.209512751944016428e-03
-7.168456287056918654e+02	1.151770362127330820e-03
-7.168122956581584049e+02	1.215095237176227246e-03
-7.167789626106249443e+02	1.155776623653408282e-03
-7.167456295630914838e+02	1.198976698476013174e-03
-7.167122965155580232e+02	1.201664858134906741e-03
-7.166789634680246763e+02	1.159111871199863331e-03
-7.166456304204912158e+02	1.220645444860219645e-03
-7.166122973729577552e+02	1.210270338267504988e-03
-7.165789643254242947e+02	1.163376108480263004e-03
-7.165456312778908341e+02	1.203310334319796209e-03
-7.165122982303573735e+02	1.161940629934038937e-03
-7.164789651828240267e+02	1.148574318005820324e-03
-7.164456321352905661e+02	1.228616290804665154e-03
-7.164122990877571056e+02	1.163170644269479392e-03
-7.163789660402236450e+02	1.177726383952074161e-03
-7.163456329926901844e+02	1.095525711432597049e-03
-7.163122999451567239e+02	1.120373930996836293e-03
-7.162789668976233770e+02	1.098164874280882063e-03
-7.162456338500899165e+02	1.162810089421697276e-03
-7.162123008025564559e+02	1.187418386065994475e-03
-7.161789677550229953e+02	1.109654242073269698e-03
-7.161456347074895348e+02	1.173931710132419251e-03
-7.161123016599560742e+02	1.271635530809145896e-03
-7.160789686124227273e+02	1.161964880806080555e-03
-7.160456355648892668e+02	1.177669264945154252e-03
-7.160123025173558062e+02	1.231432695550572836e-03
-7.159789694698223457e+02	1.185605156432319304e-03
-7.159456364222888851e+02	1.130001142301467320e-03
-7.159123033747555382e+02	1.276326528611354278e-03
-7.158789703272220777e+02	1.189348985347828949e-03
-7.158456372796886171e+02	1.232527096647785233e-03
-7.158123042321551566e+02	1.187139103460333432e-03
-7.157789711846216960e+02	1.204602526412580990e-03
-7.157456381370882355e+02	1.260277848629552449e-03
-7.157123050895547749e+02	1.261347604753416301e-03
-7.156789720420214280e+02	1.190045951767810433e-03
-7.156456389944879675e+02	1.252408979226926102e-03
-7.156123059469545069e+02	1.272544170785274396e-03
-7.155789728994210463e+02	1.221401594425206971e-03
-7.155456398518875858e+02	1.228175646329015885e-03
-7.155123068043542389e+02	1.231046742753805039e-03
-7.154789737568207784e+02	1.185792515564265725e-03
-7.154456407092873178e+02	1.260542450386728909e-03
-7.154123076617538572e+02	1.215011885725519837e-03
-7.153789746142203967e+02	1.224221358433948918e-03
-7.153456415666869361e+02	1.260993178161428935e-03
-7.153123085191535893e+02	1.267809816239943640e-03
-7.152789754716201287e+02	1.204029832014584089e-03
-7.152456424240866681e+02	1.244038849171357842e-03
-7.152123093765532076e+02	1.261870303950650028e-03
-7.151789763290197470e+02	1.280517808447369926e-03
-7.151456432814862865e+02	1.231903204981178420e-03
-7.151123102339529396e+02	1.277556466566863056e-03
-7.150789771864194790e+02	1.286352438648807536e-03
-7.150456441388860185e+02	1.280353901232131808e-03
-7.150123110913525579e+02	1.295645689483732694e-03
-7.149789780438190974e+02	1.262374888425336688e-03
-7.149456449962856368e+02	1.284172944831646823e-03
-7.149123119487522899e+02	1.261829673191687410e-03
-7.148789789012188294e+02	1.343093425779997479e-03
-7.148456458536853688e+02	1.307592097664556346e-03
-7.148123128061519083e+02	1.295544845504344525e-03
-7.147789797586184477e+02	1.332535367190628957e-03
-7.147456467110851008e+02	1.353504444065088469e-03
-7.147123136635516403e+02	1.391585282499438426e-03
-7.146789806160181797e+02	1.334077498864745656e-03
-7.146456475684847192e+02	1.417936587198211995e-03
-7.146123145209512586e+02	1.398228913332746947e-03
-7.145789814734177980e+02	1.371732894191543799e-03
-7.145456484258843375e+02	1.359523610011683162e-03
-7.145123153783509906e+02	1.375217329531770553e-03
-7.144789823308175301e+02	1.366344997496878955e-03
-7.144456492832840695e+02	1.388639656013003357e-03
-7.144123162357506089e+02	1.365960371447071282e-03
-7.143789831882171484e+02	1.438317512418197004e-03
-7.143456501406838015e+02	1.379498599957429709e-03
-7.143123170931503410e+02	1.328492508785155844e-03
-7.142789840456168804e+02	1.449313443829767243e-03
-7.142456509980834198e+02	1.350079820141008831e-03
-7.142123179505499593e+02	1.388333256616999410e-03
-7.141789849030164987e+02	1.426993553150318617e-03
-7.141456518554831518e+02	1.360454515697224380e-03
-7.141123188079496913e+02	1.433613480762779228e-03
-7.140789857604162307e+02	1.458710944868557308e-03
-7.140456527128827702e+02	1.426741729270457424e-03
-7.140123196653493096e+02	1.410017705749994858e-03
-7.139789866178158491e+02	1.382701756236510982e-03
-7.139456535702825022e+02	1.395257702069633773e-03
-7.139123205227490416e+02	1.368018343489101887e-03
-7.138789874752155811e+02	1.488236234706574474e-03
-7.138456544276821205e+02	1.450900855989403901e-03
-7.138123213801486600e+02	1.444408480741892365e-03
-7.137789883326151994e+02	1.471366568750349327e-03
-7.137456552850818525e+02	1.429117075493981223e-03
-7.137123222375483920e+02	1.462849212356934344e-03
-7.136789891900149314e+02	1.392739696950860999e-03
-7.136456561424814709e+02	1.382350744084280591e-03
-7.136123230949480103e+02	1.459135700183162394e-03
-7.135789900474145497e+02	1.428550196397270194e-03
-7.135456569998812029e+02	1.462733830810313473e-03
-7.135123239523477423e+02	1.504854442795182812e-03
-7.134789909048142817e+02	1.428694185687155857e-03
-7.134456578572808212e+02	1.479622749920135420e-03
-7.134123248097473606e+02	1.444987249408544389e-03
-7.133789917622139001e+02	1.521303116930480597e-03
-7.133456587146805532e+02	1.451395675435056916e-03
-7.133123256671470926e+02	1.562720823352329756e-03
-7.132789926196136321e+02	1.481183658666030203e-03
-7.132456595720801715e+02	1.497149780540438192e-03
-7.132123265245467110e+02	1.477483075400855403e-03
-7.131789934770133641e+02	1.506662512530262997e-03
-7.131456604294799035e+02	1.466271630546922295e-03
-7.131123273819464430e+02	1.447727666996959832e-03
-7.130789943344129824e+02	1.527124691804860939e-03
-7.130456612868795219e+02	1.451399660363498611e-03
-7.130123282393460613e+02	1.458692305383866130e-03
-7.129789951918127144e+02	1.530635250620621503e-03
-7.129456621442792539e+02	1.509832812528333476e-03
-7.129123290967457933e+02	1.521990277623641932e-03
-7.128789960492123328e+02	1.467416859347194782e-03
-7.128456630016788722e+02	1.483480831932055925e-03
-7.128123299541454116e+02	1.543354677072833600e-03
-7.127789969066120648e+02	1.519461419057776489e-03
-7.127456638590786042e+02	1.499315985664726467e-03
-7.127123308115451437e+02	1.524483698954100632e-03
-7.126789977640116831e+02	1.497234370198095117e-03
-7.126456647164782225e+02	1.526954488246959644e-03
-7.126123316689447620e+02	1.510511278142971300e-03
-7.125789986214114151e+02	1.518533618707781918e-03
-7.125456655738779546e+02	1.500603143235036555e-03
-7.125123325263444940e+02	1.560650556874873486e-03
-7.124789994788110334e+02	1.541402116485285703e-03
-7.124456664312775729e+02	1.503120158183276524e-03
-7.124123333837441123e+02	1.488984216534493515e-03
-7.123790003362107655e+02	1.499858530921888014e-03
-7.123456672886773049e+02	1.568645248512011339e-03
-7.123123342411438443e+02	1.570258211589443606e-03
-7.122790011936103838e+02	1.557325695539892420e-03
-7.122456681460769232e+02	1.490214505803929895e-03
-7.122123350985434627e+02	1.590989261350683618e-03
-7.121790020510101158e+02	1.511858075155611807e-03
-7.121456690034766552e+02	1.514962951636015989e-03
-7.121123359559431947e+02	1.534304570919845043e-03
-7.120790029084097341e+02	1.515825658710129352e-03
-7.120456698608762736e+02	1.573956426518001526e-03
-7.120123368133429267e+02	1.537957735651044157e-03
-7.119790037658094661e+02	1.621285702464883658e-03
-7.119456707182760056e+02	1.618939473134615482e-03
-7.119123376707425450e+02	1.605972925458865573e-03
-7.118790046232090845e+02	1.546860147784675718e-03
-7.118456715756756239e+02	1.570068825387170271e-03
-7.118123385281422770e+02	1.630089182265047820e-03
-7.117790054806088165e+02	1.550484440390348948e-03
-7.117456724330753559e+02	1.599658167797094258e-03
-7.117123393855418954e+02	1.656810737232135029e-03
-7.116790063380084348e+02	1.614947438000244621e-03
-7.116456732904749742e+02	1.561896623127163050e-03
-7.116123402429416274e+02	1.570946786824281875e-03
-7.115790071954081668e+02	1.610502909097225217e-03
-7.115456741478747063e+02	1.614149416025026547e-03
-7.115123411003412457e+02	1.508261584995316401e-03
-7.114790080528077851e+02	1.579391693239298950e-03
-7.114456750052743246e+02	1.565595187049070598e-03
-7.114123419577409777e+02	1.625380550449090659e-03
-7.113790089102075171e+02	1.547618852211719550e-03
-7.113456758626740566e+02	1.600633036036790482e-03
-7.113123428151405960e+02	1.599034924539970886e-03
-7.112790097676071355e+02	1.551976484038400557e-03
-7.112456767200736749e+02	1.613142022550470957e-03
-7.112123436725403280e+02	1.566353527154120415e-03
-7.111790106250068675e+02	1.553560497267278189e-03
-7.111456775774734069e+02	1.612207717478127524e-03
-7.111123445299399464e+02	1.582649075007887696e-03
-7.110790114824064858e+02	1.620914091441733951e-03
-7.110456784348730253e+02	1.648076853684368260e-03
-7.110123453873396784e+02	1.605072653248876789e-03
-7.109790123398062178e+02	1.628654788740980294e-03
-7.109456792922727573e+02	1.596321575563815296e-03
-7.109123462447392967e+02	1.657182606439529336e-03
-7.108790131972058361e+02	1.624442128453584605e-03
-7.108456801496724893e+02	1.600119939348254453e-03
-7.108123471021390287e+02	1.642551279461429599e-03
-7.107790140546055682e+02	1.624865424933479756e-03
-7.107456810070721076e+02	1.603539655817217118e-03
-7.107123479595386470e+02	1.668373868755915635e-03
-7.106790149120051865e+02	1.653266564133801762e-03
-7.106456818644718396e+02	1.613796366503823625e-03
-7.106123488169383791e+02	1.661464632348756557e-03
-7.105790157694049185e+02	1.673785719344423120e-03
-7.105456827218714579e+02	1.595874277136406002e-03
-7.105123496743379974e+02	1.658992855477814648e-03
-7.104790166268045368e+02	1.670821968816534010e-03
-7.104456835792711900e+02	1.646255292780717319e-03
-7.104123505317377294e+02	1.644455706675702509e-03
-7.103790174842042688e+02	1.561402220857651324e-03
-7.103456844366708083e+02	1.701287304998027813e-03
-7.103123513891373477e+02	1.609224247615004049e-03
-7.102790183416038872e+02	1.596540193378944827e-03
-7.102456852940705403e+02	1.623987776605647759e-03
-7.102123522465370797e+02	1.656061013677932823e-03
-7.101790191990036192e+02	1.702994953946618739e-03
-7.101456861514701586e+02	1.639984607375620214e-03
-7.101123531039366981e+02	1.640161835384026283e-03
-7.100790200564032375e+02	1.646496256331406302e-03
-7.100456870088698906e+02	1.659937775849468222e-03
-7.100123539613364301e+02	1.618827550190830812e-03
-7.099790209138029695e+02	1.613664595331420776e-03
-7.099456878662695090e+02	1.647939745614057433e-03
-7.099123548187360484e+02	1.599509900300743071e-03
-7.098790217712025878e+02	1.658504410072024178e-03
-7.098456887236692410e+02	1.669629222769837898e-03
-7.098123556761357804e+02	1.667217460037560264e-03
-7.097790226286023199e+02	1.638633898369424875e-03
-7.097456895810688593e+02	1.697125847911026397e-03
-7.097123565335353987e+02	1.656293160644540727e-03
-7.096790234860020519e+02	1.613824818849916290e-03
-7.096456904384685913e+02	1.714266646364217238e-03
-7.096123573909351308e+02	1.652171272786802500e-03
-7.095790243434016702e+02	1.745642697548464243e-03
-7.095456912958682096e+02	1.620375270081639198e-03
-7.095123582483347491e+02	1.676808532790077366e-03
-7.094790252008012885e+02	1.661046898592540011e-03
-7.094456921532679416e+02	1.733893727209821463e-03
-7.094123591057344811e+02	1.710469384558276117e-03
-7.093790260582010205e+02	1.612181324618716313e-03
-7.093456930106675600e+02	1.650347222203235337e-03
-7.093123599631340994e+02	1.662603482154938498e-03
-7.092790269156007525e+02	1.660357800514940252e-03
-7.092456938680672920e+02	1.602106312286753157e-03
-7.092123608205338314e+02	1.710273009934478589e-03
-7.091790277730003709e+02	1.643896460366003291e-03
-7.091456947254669103e+02	1.709964208778938380e-03
-7.091123616779334498e+02	1.701225118010448421e-03
-7.090790286304001029e+02	1.710836521963375817e-03
-7.090456955828666423e+02	1.700979318411350487e-03
-7.090123625353331818e+02	1.772112345881972318e-03
-7.089790294877997212e+02	1.710234646694546150e-03
-7.089456964402662607e+02	1.765194432017804004e-03
-7.089123633927328001e+02	1.749444840130083946e-03
-7.088790303451994532e+02	1.714584462782474785e-03
-7.088456972976659927e+02	1.762099688469271870e-03
-7.088123642501325321e+02	1.871110390053810696e-03
-7.087790312025990715e+02	1.686841989241163065e-03
-7.087456981550656110e+02	1.768901863126798356e-03
-7.087123651075321504e+02	1.753675315501572463e-03
-7.086790320599988036e+02	1.861124512516467225e-03
-7.086456990124653430e+02	1.757660035553755334e-03
-7.086123659649318824e+02	1.817364737810996892e-03
-7.085790329173984219e+02	1.790707921982766498e-03
-7.085456998698649613e+02	1.791771138141887631e-03
-7.085123668223316145e+02	1.828866810985440867e-03
-7.084790337747981539e+02	1.805105475751009542e-03
-7.084457007272646933e+02	1.798085873072440347e-03
-7.084123676797312328e+02	1.860003933434253983e-03
-7.083790346321977722e+02	1.763649495268604936e-03
-7.083457015846643117e+02	1.869312514696299830e-03
-7.083123685371308511e+02	1.736651939673742760e-03
-7.082790354895975042e+02	1.832355317057237374e-03
-7.082457024420640437e+02	1.796612945683403496e-03
-7.082123693945305831e+02	1.777592844923144401e-03
-7.081790363469971226e+02	1.826770242078058683e-03
-7.081457032994636620e+02	1.817844919251700034e-03
-7.081123702519303151e+02	1.852089856455665191e-03
-7.080790372043968546e+02	1.848426790948653597e-03
-7.080457041568633940e+02	1.793635965134283278e-03
-7.080123711093299335e+02	1.880599891071742377e-03
-7.079790380617964729e+02	1.872758490911597155e-03
-7.079457050142630123e+02	1.782816109062084885e-03
-7.079123719667296655e+02	1.931021221917254100e-03
-7.078790389191962049e+02	1.920918866680802186e-03
-7.078457058716627444e+02	1.898920933749998234e-03
-7.078123728241292838e+02	1.881763004543850161e-03
-7.077790397765958232e+02	1.818774537749636919e-03
-7.077457067290623627e+02	1.933883977501862396e-03
-7.077123736815290158e+02	1.958302054769076733e-03
-7.076790406339955553e+02	1.888917033154909530e-03
-7.076457075864620947e+02	1.861420871020007337e-03
-7.076123745389286341e+02	1.962959786707389135e-03
-7.075790414913951736e+02	1.910434666355485681e-03
-7.075457084438617130e+02	1.932290151855932045e-03
-7.075123753963283662e+02	1.901841286890053415e-03
-7.074790423487949056e+02	1.897217531464047337e-03
-7.074457093012614450e+02	1.889089375975187661e-03
-7.074123762537279845e+02	1.915038901411234267e-03
-7.073790432061945239e+02	1.872341720170414862e-03
-7.073457101586611770e+02	1.936871133767928757e-03
-7.073123771111277165e+02	1.882683778277765164e-03
-7.072790440635942559e+02	1.924861245332188959e-03
-7.072457110160607954e+02	1.951558442499837275e-03
-7.072123779685273348e+02	1.853551056024712587e-03
-7.071790449209938743e+02	1.920396107931431149e-03
-7.071457118734604137e+02	1.957564999739238622e-03
-7.071123788259270668e+02	1.924989966807921261e-03
-7.070790457783936063e+02	1.976944923922988040e-03
-7.070457127308601457e+02	1.976879599643647199e-03
-7.070123796833266852e+02	2.053690548876322807e-03
-7.069790466357932246e+02	1.909372148198513466e-03
-7.069457135882598777e+02	2.000404905581507249e-03
-7.069123805407264172e+02	1.869932918125160898e-03
-7.068790474931929566e+02	1.909005186729978128e-03
-7.068457144456594961e+02	2.036742623435052087e-03
-7.068123813981260355e+02	1.906512149298168843e-03
-7.067790483505925749e+02	1.975877663330260960e-03
-7.067457153030592281e+02	1.959726677045760344e-03
-7.067123822555257675e+02	1.924398706075620405e-03
-7.066790492079923069e+02	1.954988831537000666e-03
-7.066457161604588464e+02	1.991418184829530594e-03
-7.066123831129253858e+02	1.979001219053110484e-03
-7.065790500653919253e+02	2.008139233082531939e-03
-7.065457170178585784e+02	1.984382416579635183e-03
-7.065123839703251178e+02	1.937172222952473566e-03
-7.064790509227916573e+02	1.972115021372016982e-03
-7.064457178752581967e+02	1.988687582937279878e-03
-7.064123848277247362e+02	2.020091434181125415e-03
-7.063790517801912756e+02	1.922402563744778428e-03
-7.063457187326579287e+02	1.989626797772788350e-03
-7.063123856851244682e+02	1.945531553360376528e-03
-7.062790526375910076e+02	2.027328575422685311e-03
-7.062457195900575471e+02	1.877968303025884808e-03
-7.062123865425240865e+02	1.971739446815118889e-03
-7.061790534949907396e+02	1.922112698190928375e-03
-7.061457204474572791e+02	1.906863974255674360e-03
-7.061123873999238185e+02	1.969963384918280332e-03
-7.060790543523903580e+02	1.923360191329268878e-03
-7.060457213048568974e+02	1.968529538985681719e-03
-7.060123882573234368e+02	1.961899910734945813e-03
-7.059790552097899763e+02	1.897696649910928825e-03
-7.059457221622566294e+02	1.922399119528372642e-03
-7.059123891147231689e+02	1.952887178470985976e-03
-7.058790560671897083e+02	1.976695009646520229e-03
-7.058457230196562477e+02	1.972358006094610504e-03
-7.058123899721227872e+02	2.029232983081874758e-03
-7.057790569245894403e+02	1.919245795718059998e-03
-7.057457238770559798e+02	1.942169351134809263e-03
-7.057123908295225192e+02	1.878399313055262700e-03
-7.056790577819890586e+02	1.984551317249800412e-03
-7.056457247344555981e+02	1.939590683440824050e-03
-7.056123916869221375e+02	1.887123316057609003e-03
-7.055790586393887907e+02	1.979669007314828304e-03
-7.055457255918553301e+02	1.874836806055781317e-03
-7.055123925443218695e+02	1.941604936966249148e-03
-7.054790594967884090e+02	1.921305238357671596e-03
-7.054457264492549484e+02	1.969505907809510591e-03
-7.054123934017214879e+02	1.937299668165213661e-03
-7.053790603541881410e+02	1.865221545730528499e-03
-7.053457273066546804e+02	1.922331590946261756e-03
-7.053123942591212199e+02	1.932130192193352164e-03
-7.052790612115877593e+02	1.857840595568196898e-03
-7.052457281640542988e+02	1.904168506734072591e-03
-7.052123951165208382e+02	1.864992604200280298e-03
-7.051790620689874913e+02	1.939804218818875397e-03
-7.051457290214540308e+02	1.895985488375332567e-03
-7.051123959739205702e+02	1.951940006357021778e-03
-7.050790629263871097e+02	1.899085155934273749e-03
-7.050457298788536491e+02	1.850122568820526973e-03
-7.050123968313201885e+02	1.855476841935963656e-03
-7.049790637837868417e+02	1.933594298454747529e-03
-7.049457307362533811e+02	1.831072147310657591e-03
-7.049123976887199206e+02	1.922895941268316098e-03
-7.048790646411864600e+02	1.834101860729253587e-03
-7.048457315936529994e+02	1.946893864094946308e-03
-7.048123985461195389e+02	1.854460291204496764e-03
-7.047790654985861920e+02	1.944521634144167135e-03
-7.047457324510527314e+02	1.900234143503428969e-03
-7.047123994035192709e+02	1.919346531517728211e-03
-7.046790663559858103e+02	1.913755839840575179e-03
-7.046457333084523498e+02	1.884507284792120551e-03
-7.046124002609190029e+02	1.902119078484572866e-03
-7.045790672133855423e+02	1.879737067870210134e-03
-7.045457341658520818e+02	1.903448864706184986e-03
-7.045124011183186212e+02	1.873287364275674684e-03
-7.044790680707851607e+02	1.835609143826135228e-03
-7.044457350232517001e+02	1.846601575191783758e-03
-7.044124019757183532e+02	1.849605622458043485e-03
-7.043790689281848927e+02	1.842760033199689887e-03
-7.043457358806514321e+02	1.843025976439985380e-03
-7.043124028331179716e+02	1.763419840717373333e-03
-7.042790697855845110e+02	1.901617907245927233e-03
-7.042457367380510505e+02	1.791370657727163560e-03
-7.042124036905177036e+02	1.817426652264602597e-03
-7.041790706429842430e+02	1.879603205693965206e-03
-7.041457375954507825e+02	1.869193520088903481e-03
-7.041124045479173219e+02	1.830538876848582068e-03
-7.040790715003838613e+02	1.778079342360528066e-03
-7.040457384528504008e+02	1.839508062259451616e-03
-7.040124054053170539e+02	1.821302008311186061e-03
-7.039790723577835934e+02	1.814088654875449383e-03
-7.039457393102501328e+02	1.776449470505084803e-03
-7.039124062627166722e+02	1.767785643150572312e-03
-7.038790732151832117e+02	1.854307708493894763e-03
-7.038457401676497511e+02	1.824648477335034675e-03
-7.038124071201164043e+02	1.814449782382926988e-03
-7.037790740725829437e+02	1.811848151076358255e-03
-7.037457410250494831e+02	1.771340608461317943e-03
-7.037124079775160226e+02	1.771452376700305897e-03
-7.036790749299825620e+02	1.802496767527377161e-03
-7.036457418824491015e+02	1.793346865064118128e-03
-7.036124088349157546e+02	1.752548710489881161e-03
-7.035790757873822940e+02	1.756436665960225008e-03
-7.035457427398488335e+02	1.728853716573454683e-03
-7.035124096923153729e+02	1.823913499367356200e-03
-7.034790766447819124e+02	1.738966933866192919e-03
-7.034457435972485655e+02	1.748931257181553624e-03
-7.034124105497151049e+02	1.744953157720745577e-03
-7.033790775021816444e+02	1.790994701290247407e-03
-7.033457444546481838e+02	1.677777757100774956e-03
-7.033124114071147233e+02	1.782119948169939242e-03
-7.032790783595812627e+02	1.751880669504828243e-03
-7.032457453120479158e+02	1.774490006557040162e-03
-7.032124122645144553e+02	1.740332266317875555e-03
-7.031790792169809947e+02	1.652793481356317710e-03
-7.031457461694475342e+02	1.812631027244701164e-03
-7.031124131219140736e+02	1.677326557143443177e-03
-7.030790800743806130e+02	1.735581532877621298e-03
-7.030457470268472662e+02	1.735430411635097364e-03
-7.030124139793138056e+02	1.709224545232167431e-03
-7.029790809317803451e+02	1.704317839048243542e-03
-7.029457478842468845e+02	1.669352711490885988e-03
-7.029124148367134239e+02	1.787138769717931935e-03
-7.028790817891799634e+02	1.710113120985172919e-03
-7.028457487416466165e+02	1.790044632317638537e-03
-7.028124156941131560e+02	1.713652953234378988e-03
-7.027790826465796954e+02	1.700393079074317536e-03
-7.027457495990462348e+02	1.705860700327193821e-03
-7.027124165515127743e+02	1.732765280510452366e-03
-7.026790835039793137e+02	1.699796533626865298e-03
-7.026457504564459668e+02	1.697360802080779586e-03
-7.026124174089125063e+02	1.725319092965762373e-03
-7.025790843613790457e+02	1.662961719160216097e-03
-7.025457513138455852e+02	1.765350544285057294e-03
-7.025124182663121246e+02	1.754241270815826929e-03
-7.024790852187786641e+02	1.749669397378104301e-03
-7.024457521712453172e+02	1.675875282069230450e-03
-7.024124191237118566e+02	1.725240398743822529e-03
-7.023790860761783961e+02	1.765770864597738729e-03
-7.023457530286449355e+02	1.666329898672431423e-03
-7.023124199811114750e+02	1.724129864147667945e-03
-7.022790869335781281e+02	1.703221955810959882e-03
-7.022457538860446675e+02	1.721944542780146775e-03
-7.022124208385112070e+02	1.729055791931805464e-03
-7.021790877909777464e+02	1.724463548426141603e-03
-7.021457547434442859e+02	1.694766930723704598e-03
-7.021124216959108253e+02	1.692017451960889591e-03
-7.020790886483774784e+02	1.782742524799524721e-03
-7.020457556008440179e+02	1.768865102037266764e-03
-7.020124225533105573e+02	1.730259078327949862e-03
-7.019790895057770967e+02	1.714862117419534539e-03
-7.019457564582436362e+02	1.733850774327776916e-03
-7.019124234107101756e+02	1.741841224355206554e-03
-7.018790903631768288e+02	1.740791939663308965e-03
-7.018457573156433682e+02	1.787080675664943618e-03
-7.018124242681099076e+02	1.733479867782182276e-03
-7.017790912205764471e+02	1.734954490303227195e-03
-7.017457581730429865e+02	1.797986114210502499e-03
-7.017124251255095260e+02	1.656265410850746951e-03
-7.016790920779761791e+02	1.773319654302164946e-03
-7.016457590304427185e+02	1.747781817311021496e-03
-7.016124259829092580e+02	1.832714140050149257e-03
-7.015790929353757974e+02	1.773543488204400989e-03
-7.015457598878423369e+02	1.798318434055259105e-03
-7.015124268403088763e+02	1.764819457351585142e-03
-7.014790937927755294e+02	1.783087271356457310e-03
-7.014457607452420689e+02	1.788989224555442544e-03
-7.014124276977086083e+02	1.789971777559955452e-03
-7.013790946501751478e+02	1.795371634106419749e-03
-7.013457616026416872e+02	1.862398137630814432e-03
-7.013124285551082266e+02	1.773394282302999956e-03
-7.012790955075748798e+02	1.764127696909617137e-03
-7.012457624600414192e+02	1.862344708326229637e-03
-7.012124294125079587e+02	1.816054879099558445e-03
-7.011790963649744981e+02	1.872297289283422934e-03
-7.011457633174410375e+02	1.787481557237655810e-03
-7.011124302699076907e+02	1.916194196417076150e-03
-7.010790972223742301e+02	1.879137800510990953e-03
-7.010457641748407696e+02	1.835280570282143454e-03
-7.010124311273073090e+02	1.869786446314437248e-03
-7.009790980797738484e+02	1.733783551729458586e-03
-7.009457650322403879e+02	1.839468003195001040e-03
-7.009124319847069273e+02	1.872291863916328118e-03
-7.008790989371735805e+02	1.855557793871359792e-03
-7.008457658896401199e+02	1.827363451959789940e-03
-7.008124328421066593e+02	1.811308105645131721e-03
-7.007790997945731988e+02	1.808245653353233702e-03
-7.007457667470397382e+02	1.873367455959000722e-03
-7.007124336995063913e+02	1.827541969966497331e-03
-7.006791006519729308e+02	1.897744493761689775e-03
-7.006457676044394702e+02	1.826674063330992279e-03
-7.006124345569060097e+02	1.861720150501604536e-03
-7.005791015093725491e+02	1.868925587529811274e-03
-7.005457684618390886e+02	1.798733866201538941e-03
-7.005124354143057417e+02	1.920003288504758699e-03
-7.004791023667722811e+02	1.940796216809231867e-03
-7.004457693192388206e+02	1.909704864739758447e-03
-7.004124362717053600e+02	1.893464034896683718e-03
-7.003791032241718995e+02	1.895957779677102158e-03
-7.003457701766384389e+02	1.923466893855668713e-03
-7.003124371291050920e+02	1.856599676771504949e-03
-7.002791040815716315e+02	2.016927594320379758e-03
-7.002457710340381709e+02	1.918475032967617349e-03
-7.002124379865047104e+02	1.893367008961295214e-03
-7.001791049389712498e+02	1.982429650828527751e-03
-7.001457718914377892e+02	1.878994769488655237e-03
-7.001124388439044424e+02	1.983487360830008591e-03
-7.000791057963709818e+02	1.944184526689720109e-03
-7.000457727488375212e+02	1.898581210899484605e-03
-7.000124397013040607e+02	1.896091135386440045e-03
-6.999791066537706001e+02	1.875399387023895820e-03
-6.999457736062372533e+02	2.043367153951725860e-03
-6.999124405587037927e+02	1.926057956369142850e-03
-6.998791075111703321e+02	2.010616243661580722e-03
-6.998457744636368716e+02	1.998139707884912051e-03
-6.998124414161034110e+02	1.942169119347863940e-03
-6.997791083685699505e+02	1.973987998201721765e-03
-6.997457753210364899e+02	1.995296227353917512e-03
-6.997124422735031430e+02	1.967163524074222025e-03
-6.996791092259696825e+02	2.040042741052402759e-03
-6.996457761784362219e+02	2.030789659438309372e-03
-6.996124431309027614e+02	2.106356821401343844e-03
-6.995791100833693008e+02	1.969293397580871435e-03
-6.995457770358359539e+02	2.066021142126805901e-03
-6.995124439883024934e+02	2.071955508318604981e-03
-6.994791109407690328e+02	2.067502662243851045e-03
-6.994457778932355723e+02	2.084671934707874649e-03
-6.994124448457021117e+02	2.148182442806709485e-03
-6.993791117981686511e+02	2.102814431277931495e-03
-6.993457787506353043e+02	2.149715578460517293e-03
-6.993124457031018437e+02	2.131995897930710065e-03
-6.992791126555683832e+02	2.126490225058241552e-03
-6.992457796080349226e+02	1.997496065448942353e-03
-6.992124465605014620e+02	2.142004352616710874e-03
-6.991791135129680015e+02	2.098289676862058733e-03
-6.991457804654346546e+02	2.052569733467530383e-03
-6.991124474179011941e+02	2.158510390412835076e-03
-6.990791143703677335e+02	2.169427866863848746e-03
-6.990457813228342729e+02	2.059720781333233917e-03
-6.990124482753008124e+02	2.138714370449410190e-03
-6.989791152277673518e+02	2.213777401234165356e-03
-6.989457821802340050e+02	2.108137505939710644e-03
-6.989124491327005444e+02	2.152474233442599593e-03
-6.988791160851670838e+02	2.199587518696017804e-03
-6.988457830376336233e+02	2.127417081238975119e-03
-6.988124499901001627e+02	2.224076647506586721e-03
-6.987791169425668159e+02	2.148666618398150426e-03
-6.987457838950333553e+02	2.174984138074047887e-03
-6.987124508474998947e+02	2.264617171976194155e-03
-6.986791177999664342e+02	2.213384865406221175e-03
-6.986457847524329736e+02	2.144250866711950795e-03
-6.986124517048995131e+02	2.226660709220922105e-03
-6.985791186573660525e+02	2.237790968179740290e-03
-6.985457856098327056e+02	2.308976422753981038e-03
-6.985124525622992451e+02	2.240975608253047407e-03
-6.984791195147657845e+02	2.212612708189504954e-03
-6.984457864672323240e+02	2.199038560210450459e-03
-6.984124534196988634e+02	2.262141028729821972e-03
-6.983791203721655165e+02	2.212392680273358569e-03
-6.983457873246320560e+02	2.265363557138920340e-03
-6.983124542770985954e+02	2.265190019702580104e-03
-6.982791212295651349e+02	2.245695389151850744e-03
-6.982457881820316743e+02	2.249448359825989129e-03
-6.982124551344982137e+02	2.279498659199537865e-03
-6.981791220869648669e+02	2.285715365365315489e-03
-6.981457890394314063e+02	2.270671488167358681e-03
-6.981124559918979458e+02	2.293611255599807032e-03
-6.980791229443644852e+02	2.325734335743896534e-03
-6.980457898968310246e+02	2.263207216999505757e-03
-6.980124568492975641e+02	2.356671292316985140e-03
-6.979791238017642172e+02	2.296879385662180945e-03
-6.979457907542307566e+02	2.339221519553926626e-03
-6.979124577066972961e+02	2.264577331341176541e-03
-6.978791246591638355e+02	2.344721687784088061e-03
-6.978457916116303750e+02	2.367183064098888658e-03
-6.978124585640969144e+02	2.321157686762053817e-03
-6.977791255165635675e+02	2.362997624946363250e-03
-6.977457924690301070e+02	2.390280608190333434e-03
-6.977124594214966464e+02	2.310210355393523679e-03
-6.976791263739631859e+02	2.406659847713520269e-03
-6.976457933264297253e+02	2.293409345378741391e-03
-6.976124602788963784e+02	2.338791026233573694e-03
-6.975791272313629179e+02	2.353733806051031691e-03
-6.975457941838294573e+02	2.269264636543388749e-03
-6.975124611362959968e+02	2.362600383986997871e-03
-6.974791280887625362e+02	2.349266519046958653e-03
-6.974457950412290757e+02	2.338362138712218007e-03
-6.974124619936956151e+02	2.331238805959934875e-03
-6.973791289461622682e+02	2.364546449967900536e-03
-6.973457958986288077e+02	2.480558833633382705e-03
-6.973124628510953471e+02	2.435992306775229890e-03
-6.972791298035618865e+02	2.356456141826671329e-03
-6.972457967560284260e+02	2.484123152464914365e-03
-6.972124637084950791e+02	2.447733259904615738e-03
-6.971791306609616186e+02	2.411128054886490981e-03
-6.971457976134281580e+02	2.423096223927150711e-03
-6.971124645658946974e+02	2.415429191730831919e-03
-6.970791315183612369e+02	2.372433685718037654e-03
-6.970457984708277763e+02	2.454659288781885652e-03
-6.970124654232944295e+02	2.347491503320462292e-03
-6.969791323757609689e+02	2.400639332571920075e-03
-6.969457993282275083e+02	2.433580137169435390e-03
-6.969124662806940478e+02	2.350699222421440571e-03
-6.968791332331605872e+02	2.308825140637588407e-03
-6.968458001856271267e+02	2.363921368300015216e-03
-6.968124671380937798e+02	2.415625879232390257e-03
-6.967791340905603192e+02	2.430361337711739456e-03
-6.967458010430268587e+02	2.355288257796852962e-03
-6.967124679954933981e+02	2.392171830216477824e-03
-6.966791349479599376e+02	2.419864158465454603e-03
-6.966458019004264770e+02	2.383462669543379760e-03
-6.966124688528931301e+02	2.435143808980544302e-03
-6.965791358053596696e+02	2.370051639647741647e-03
-6.965458027578262090e+02	2.429014023519098734e-03
-6.965124697102927485e+02	2.488833990686791474e-03
-6.964791366627592879e+02	2.418449092372018921e-03
-6.964458036152258273e+02	2.420716439374195721e-03
-6.964124705676924805e+02	2.374138819466064480e-03
-6.963791375201590199e+02	2.538012531142006326e-03
-6.963458044726255594e+02	2.423377006865644334e-03
-6.963124714250920988e+02	2.384945044236173178e-03
-6.962791383775586382e+02	2.429213524317146069e-03
-6.962458053300251777e+02	2.478708157270067235e-03
-6.962124722824918308e+02	2.405961687344849737e-03
-6.961791392349583703e+02	2.398103165887859392e-03
-6.961458061874249097e+02	2.391109029959115687e-03
-6.961124731398914491e+02	2.471936078662303332e-03
-6.960791400923579886e+02	2.420970564922843033e-03
-6.960458070448246417e+02	2.394357926715888658e-03
-6.960124739972911811e+02	2.531157986994657036e-03
-6.959791409497577206e+02	2.390466272539801870e-03
-6.959458079022242600e+02	2.427002134327454694e-03
-6.959124748546907995e+02	2.442052252258858011e-03
-6.958791418071573389e+02	2.418387179991665810e-03
-6.958458087596239920e+02	2.502564570929983502e-03
-6.958124757120905315e+02	2.437684482060552792e-03
-6.957791426645570709e+02	2.425920026865604606e-03
-6.957458096170236104e+02	2.510328034093090802e-03
-6.957124765694901498e+02	2.435234675052759881e-03
-6.956791435219566893e+02	2.572738588306597209e-03
-6.956458104744233424e+02	2.390241855406406279e-03
-6.956124774268898818e+02	2.513385020115472147e-03
-6.955791443793564213e+02	2.517953203280024182e-03
-6.955458113318229607e+02	2.471607622516387628e-03
-6.955124782842895002e+02	2.361987600471822726e-03
-6.954791452367560396e+02	2.513400406438715418e-03
-6.954458121892226927e+02	2.432275759381818947e-03
-6.954124791416892322e+02	2.478808505108500912e-03
-6.953791460941557716e+02	2.496158421001655903e-03
-6.953458130466223110e+02	2.550099737276076244e-03
-6.953124799990888505e+02	2.421640233298113978e-03
-6.952791469515553899e+02	2.489097596995025474e-03
-6.952458139040220431e+02	2.509676118708264320e-03
-6.952124808564885825e+02	2.484429747400530158e-03
-6.951791478089551219e+02	2.564645452507966373e-03
-6.951458147614216614e+02	2.480321416449376461e-03
-6.951124817138882008e+02	2.541887126546327289e-03
-6.950791486663547403e+02	2.455095955140168800e-03
-6.950458156188213934e+02	2.487418405218157560e-03
-6.950124825712879328e+02	2.506138181715764600e-03
-6.949791495237544723e+02	2.505389970305227018e-03
-6.949458164762210117e+02	2.494615195411043190e-03
-6.949124834286875512e+02	2.585660659529317486e-03
-6.948791503811542043e+02	2.398973522163557175e-03
-6.948458173336207437e+02	2.594457177145553101e-03
-6.948124842860872832e+02	2.545936076277966094e-03
-6.947791512385538226e+02	2.443295952405006265e-03
-6.947458181910203621e+02	2.479606642435849828e-03
-6.947124851434869015e+02	2.494117197600775708e-03
-6.946791520959535546e+02	2.503721446337593172e-03
-6.946458190484200941e+02	2.502593513861787761e-03
-6.946124860008866335e+02	2.524936951836169105e-03
-6.945791529533531730e+02	2.526464773474374793e-03
-6.945458199058197124e+02	2.525520049793932714e-03
-6.945124868582862518e+02	2.519550397280694628e-03
-6.944791538107529050e+02	2.464133668776540085e-03
-6.944458207632194444e+02	2.563515447699317874e-03
-6.944124877156859839e+02	2.477893491247298591e-03
-6.943791546681525233e+02	2.508374085035704453e-03
-6.943458216206190627e+02	2.405006740675652219e-03
-6.943124885730856022e+02	2.487829146311616463e-03
-6.942791555255522553e+02	2.439189772108292260e-03
-6.942458224780187948e+02	2.370287535705732813e-03
-6.942124894304853342e+02	2.505849659576637328e-03
-6.941791563829518736e+02	2.505133893221015914e-03
-6.941458233354184131e+02	2.414684548769893951e-03
-6.941124902878849525e+02	2.437179060912072082e-03
-6.940791572403516057e+02	2.546324340888499269e-03
-6.940458241928181451e+02	2.424173296883263586e-03
-6.940124911452846845e+02	2.420527264101401781e-03
-6.939791580977512240e+02	2.437730297604119665e-03
-6.939458250502177634e+02	2.514850560644094849e-03
-6.939124920026843029e+02	2.463413470958718439e-03
-6.938791589551509560e+02	2.397105979238893601e-03
-6.938458259076174954e+02	2.336475228239598845e-03
-6.938124928600840349e+02	2.516053178153012607e-03
-6.937791598125505743e+02	2.490307092589205597e-03
-6.937458267650171138e+02	2.362150436402822660e-03
-6.937124937174837669e+02	2.519674289751545199e-03
-6.936791606699503063e+02	2.444724051218811860e-03
-6.936458276224168458e+02	2.452005545288779131e-03
-6.936124945748833852e+02	2.443772248230878432e-03
-6.935791615273499247e+02	2.517588617774583516e-03
-6.935458284798164641e+02	2.422368997421661153e-03
-6.935124954322831172e+02	2.492098069970047000e-03
-6.934791623847496567e+02	2.449915640643089351e-03
-6.934458293372161961e+02	2.457817877744245504e-03
-6.934124962896827356e+02	2.396295222270981243e-03
-6.933791632421492750e+02	2.407577532076887478e-03
-6.933458301946158144e+02	2.462456599485585759e-03
-6.933124971470824676e+02	2.436410496306781227e-03
-6.932791640995490070e+02	2.488537583112261468e-03
-6.932458310520155464e+02	2.523321304048337967e-03
-6.932124980044820859e+02	2.462384079130726898e-03
-6.931791649569486253e+02	2.510641219531805149e-03
-6.931458319094151648e+02	2.402367411330395396e-03
-6.931124988618818179e+02	2.423952009725835639e-03
-6.930791658143483573e+02	2.446037242732341903e-03
-6.930458327668148968e+02	2.442688407856620589e-03
-6.930124997192814362e+02	2.497955761959443945e-03
-6.929791666717479757e+02	2.493905228663640360e-03
-6.929458336242145151e+02	2.511802524612231739e-03
-6.929125005766811682e+02	2.494910492025366987e-03
-6.928791675291477077e+02	2.430933434869096601e-03
-6.928458344816142471e+02	2.502962203172733047e-03
-6.928125014340807866e+02	2.473617623505159832e-03
-6.927791683865473260e+02	2.526313938966765534e-03
-6.927458353390138655e+02	2.445997241969107179e-03
-6.927125022914805186e+02	2.565202278749400665e-03
-6.926791692439470580e+02	2.558361749189769132e-03
-6.926458361964135975e+02	2.506829648451433957e-03
-6.926125031488801369e+02	2.501272330139668338e-03
-6.925791701013466763e+02	2.473261319575455978e-03
-6.925458370538133295e+02	2.521874844550658044e-03
-6.925125040062798689e+02	2.521120826729620918e-03
-6.924791709587464084e+02	2.484157683996547194e-03
-6.924458379112129478e+02	2.532986595251486214e-03
-6.924125048636794872e+02	2.503792521052009175e-03
-6.923791718161460267e+02	2.505496668772914937e-03
-6.923458387686125661e+02	2.532742315891110298e-03
-6.923125057210792193e+02	2.536864169425430068e-03
-6.922791726735457587e+02	2.583600047976171345e-03
-6.922458396260122981e+02	2.566115886412918216e-03
-6.922125065784788376e+02	2.541561448822963944e-03
-6.921791735309453770e+02	2.540531186709067430e-03
-6.921458404834120302e+02	2.557975936917479456e-03
-6.921125074358785696e+02	2.584349156723298943e-03
-6.920791743883451090e+02	2.547410306959492499e-03
-6.920458413408116485e+02	2.571172553743980398e-03
-6.920125082932781879e+02	2.563267607960936084e-03
-6.919791752457447274e+02	2.557430971072367342e-03
-6.919458421982113805e+02	2.576274758122186915e-03
-6.919125091506779199e+02	2.544911144044606065e-03
-6.918791761031444594e+02	2.520593342485482474e-03
-6.918458430556109988e+02	2.558311625689955755e-03
-6.918125100080775383e+02	2.577900658920017230e-03
-6.917791769605440777e+02	2.521904588803589378e-03
-6.917458439130107308e+02	2.626319244227897677e-03
-6.917125108654772703e+02	2.507814900909071439e-03
-6.916791778179438097e+02	2.591054469303060576e-03
-6.916458447704103492e+02	2.588267703133855391e-03
-6.916125117228768886e+02	2.571064171839747801e-03
-6.915791786753434280e+02	2.519214548238045328e-03
-6.915458456278100812e+02	2.597881959323330645e-03
-6.915125125802766206e+02	2.619312703435414027e-03
-6.914791795327431601e+02	2.549339816410894043e-03
-6.914458464852096995e+02	2.493251569790284547e-03
-6.914125134376762389e+02	2.527548843680662780e-03
-6.913791803901428921e+02	2.509736083875350066e-03
-6.913458473426094315e+02	2.552761453460534926e-03
-6.913125142950759709e+02	2.481823819995860898e-03
-6.912791812475425104e+02	2.557241933999136307e-03
-6.912458482000090498e+02	2.555481970101918139e-03
-6.912125151524755893e+02	2.496206142033901079e-03
-6.911791821049421287e+02	2.470064526221948942e-03
-6.911458490574087818e+02	2.582023511793734259e-03
-6.911125160098753213e+02	2.415202109240154223e-03
-6.910791829623418607e+02	2.631947334424465049e-03
-6.910458499148084002e+02	2.464781786940617794e-03
-6.910125168672749396e+02	2.492851255444767256e-03
-6.909791838197415927e+02	2.496326335197209065e-03
-6.909458507722081322e+02	2.441768529466378269e-03
-6.909125177246746716e+02	2.421445373013657223e-03
-6.908791846771412111e+02	2.482603259277494333e-03
-6.908458516296077505e+02	2.456624088154119988e-03
-6.908125185820742900e+02	2.548163442912602852e-03
-6.907791855345409431e+02	2.396450468966714042e-03
-6.907458524870074825e+02	2.408411906970742491e-03
-6.907125194394740220e+02	2.347566686742457321e-03
-6.906791863919405614e+02	2.334509687788340841e-03
-6.906458533444071008e+02	2.379642909575839082e-03
-6.906125202968736403e+02	2.273295041814705608e-03
-6.905791872493402934e+02	2.327614228054705747e-03
-6.905458542018068329e+02	2.240579626675824436e-03
-6.905125211542733723e+02	2.312267865869448852e-03
-6.904791881067399117e+02	2.178183693390536597e-03
-6.904458550592064512e+02	2.184145501092023961e-03
-6.904125220116729906e+02	2.230505530305485536e-03
-6.903791889641396438e+02	2.189337696748221151e-03
-6.903458559166061832e+02	2.145372829823742698e-03
-6.903125228690727226e+02	2.227742202678691108e-03
-6.902791898215392621e+02	2.054285226214661465e-03
-6.902458567740058015e+02	2.035777587373768013e-03
-6.902125237264724547e+02	1.714582634899023414e-03
-6.901791906789389941e+02	1.537118229540031375e-03
-6.901458576314055335e+02	1.497213783025641782e-03
-6.901125245838720730e+02	1.457858479652557283e-03
