# Please cite this paper in any communication about any use of Correct@TDS : 
#  Coming soon...
#  Average over 10000 waveforms. Timestamp: unknown
#  timeaxis (ps) 	 E-field
-7.500786770965326014e+02	-4.113078668758750355e-05
-7.500453440489991408e+02	-7.622927633299848046e-05
-7.500120110014656802e+02	-4.847798182413589881e-05
-7.499786779539323334e+02	-7.800925397063529845e-05
-7.499453449063988728e+02	-1.098111711984794747e-04
-7.499120118588654123e+02	-1.058481068190772587e-04
-7.498786788113319517e+02	-1.004404989588751195e-04
-7.498453457637984911e+02	-1.088896717647691305e-04
-7.498120127162650306e+02	-7.465485721810660453e-05
-7.497786796687316837e+02	-9.869546395999740415e-05
-7.497453466211982231e+02	-4.487766443570679611e-05
-7.497120135736647626e+02	-4.162647539466305210e-05
-7.496786805261313020e+02	-3.518839653867663958e-05
-7.496453474785978415e+02	-2.135638007318173200e-05
-7.496120144310643809e+02	-5.703623483556087619e-05
-7.495786813835310340e+02	-4.978265690257230796e-05
-7.495453483359975735e+02	-5.732017007041951905e-05
-7.495120152884641129e+02	-5.917182789396343320e-05
-7.494786822409306524e+02	-2.305373527293172361e-05
-7.494453491933971918e+02	-2.268014341767573172e-05
-7.494120161458637313e+02	-1.089051936072786652e-05
-7.493786830983303844e+02	1.681324262353284677e-05
-7.493453500507969238e+02	6.800671580589105433e-05
-7.493120170032634633e+02	9.209528424426890146e-05
-7.492786839557300027e+02	1.370460562379553077e-04
-7.492453509081965422e+02	1.910698422462782646e-04
-7.492120178606630816e+02	1.955225220388868664e-04
-7.491786848131297347e+02	1.847996941703170979e-04
-7.491453517655962742e+02	1.979136518176541327e-04
-7.491120187180628136e+02	1.685399956242679192e-04
-7.490786856705293530e+02	1.665198011831630080e-04
-7.490453526229958925e+02	1.464128313305235792e-04
-7.490120195754624319e+02	1.606617732322492920e-04
-7.489786865279290851e+02	1.653126050597235482e-04
-7.489453534803956245e+02	1.939283191719938786e-04
-7.489120204328621639e+02	2.165231758298488771e-04
-7.488786873853287034e+02	2.634830997660277531e-04
-7.488453543377952428e+02	2.845381862403026721e-04
-7.488120212902618960e+02	3.049724612042660011e-04
-7.487786882427284354e+02	3.291878837505214845e-04
-7.487453551951949748e+02	3.047707630292848273e-04
-7.487120221476615143e+02	2.898482037995373526e-04
-7.486786891001280537e+02	2.692410328489443011e-04
-7.486453560525945932e+02	2.541552491659678013e-04
-7.486120230050612463e+02	2.306810188621423398e-04
-7.485786899575277857e+02	2.306409593476848978e-04
-7.485453569099943252e+02	2.141273900559797756e-04
-7.485120238624608646e+02	2.136219477431219578e-04
-7.484786908149274041e+02	2.149309533022388018e-04
-7.484453577673939435e+02	2.482582029455056771e-04
-7.484120247198605966e+02	2.732768231702207120e-04
-7.483786916723271361e+02	3.046311402051226627e-04
-7.483453586247936755e+02	3.170443144388746730e-04
-7.483120255772602150e+02	3.270510690674325151e-04
-7.482786925297267544e+02	3.640685759605976810e-04
-7.482453594821932938e+02	3.548486338360013728e-04
-7.482120264346599470e+02	3.352541359999050758e-04
-7.481786933871264864e+02	3.335605907300838793e-04
-7.481453603395930259e+02	3.294971124123140965e-04
-7.481120272920595653e+02	3.178689336981802005e-04
-7.480786942445261047e+02	2.949730647197078607e-04
-7.480453611969926442e+02	3.040806922430884561e-04
-7.480120281494592973e+02	3.030769614413547489e-04
-7.479786951019258368e+02	3.375583067275877286e-04
-7.479453620543923762e+02	3.809451809881932291e-04
-7.479120290068589156e+02	4.400539271824721122e-04
-7.478786959593254551e+02	4.921577930335102906e-04
-7.478453629117919945e+02	5.545481008329306320e-04
-7.478120298642586476e+02	6.036833110964423760e-04
-7.477786968167251871e+02	6.333535900723269571e-04
-7.477453637691917265e+02	7.012807135192692569e-04
-7.477120307216582660e+02	7.210382907120168683e-04
-7.476786976741248054e+02	7.552780064677335359e-04
-7.476453646265913449e+02	7.734941728981340739e-04
-7.476120315790579980e+02	7.838213939669834689e-04
-7.475786985315245374e+02	8.009302394261851943e-04
-7.475453654839910769e+02	7.766030090775999503e-04
-7.475120324364576163e+02	7.999979839964823768e-04
-7.474786993889241558e+02	8.345186416144178675e-04
-7.474453663413908089e+02	8.378510521830292990e-04
-7.474120332938573483e+02	8.455332799093474199e-04
-7.473787002463238878e+02	8.588099891028937562e-04
-7.473453671987904272e+02	8.601718770627728465e-04
-7.473120341512569667e+02	8.988912412979571708e-04
-7.472787011037235061e+02	8.575537448558231187e-04
-7.472453680561901592e+02	8.577754235601014543e-04
-7.472120350086566987e+02	8.809492379529297243e-04
-7.471787019611232381e+02	8.559489645386822530e-04
-7.471453689135897775e+02	8.468975981654905481e-04
-7.471120358660563170e+02	7.837913620917591820e-04
-7.470787028185228564e+02	7.653165835472432307e-04
-7.470453697709895096e+02	7.430043269068974023e-04
-7.470120367234560490e+02	6.869849183162535190e-04
-7.469787036759225884e+02	6.692289131971082203e-04
-7.469453706283891279e+02	6.332775990125781617e-04
-7.469120375808556673e+02	6.098707667186947052e-04
-7.468787045333222068e+02	6.114102298060851339e-04
-7.468453714857888599e+02	6.224243113949111611e-04
-7.468120384382553993e+02	6.433894664833199242e-04
-7.467787053907219388e+02	6.631621081566578015e-04
-7.467453723431884782e+02	7.068372327953055837e-04
-7.467120392956550177e+02	7.447055092676665771e-04
-7.466787062481215571e+02	7.858297671576099401e-04
-7.466453732005882102e+02	8.251783021246998032e-04
-7.466120401530547497e+02	8.809470002093608290e-04
-7.465787071055212891e+02	8.837305343026802219e-04
-7.465453740579878286e+02	9.110804843509656779e-04
-7.465120410104543680e+02	9.380870041511049076e-04
-7.464787079629209074e+02	9.783731966737203248e-04
-7.464453749153875606e+02	9.649404499952751605e-04
-7.464120418678541000e+02	1.012890207311976844e-03
-7.463787088203206395e+02	1.012110797945283943e-03
-7.463453757727871789e+02	1.032796311445443541e-03
-7.463120427252537183e+02	1.040680628079088295e-03
-7.462787096777203715e+02	1.042073009541330747e-03
-7.462453766301869109e+02	1.053805482024077660e-03
-7.462120435826534504e+02	1.031849476734052239e-03
-7.461787105351199898e+02	1.044016795896635314e-03
-7.461453774875865292e+02	1.042458318999274275e-03
-7.461120444400530687e+02	1.020185622906603744e-03
-7.460787113925197218e+02	9.895065792034298154e-04
-7.460453783449862613e+02	9.675658831226422721e-04
-7.460120452974528007e+02	9.308137663294684767e-04
-7.459787122499193401e+02	8.815381639738553970e-04
-7.459453792023858796e+02	8.318760329574028138e-04
-7.459120461548524190e+02	8.012053637531512274e-04
-7.458787131073190722e+02	7.658056958312440144e-04
-7.458453800597856116e+02	7.271763009355040061e-04
-7.458120470122521510e+02	7.080764273278461517e-04
-7.457787139647186905e+02	7.093731020466242021e-04
-7.457453809171852299e+02	7.010303601315261103e-04
-7.457120478696517694e+02	6.788357856786741669e-04
-7.456787148221184225e+02	6.990992308044175797e-04
-7.456453817745849619e+02	7.149131272377504641e-04
-7.456120487270515014e+02	7.535698683116968987e-04
-7.455787156795180408e+02	7.811652371997832587e-04
-7.455453826319845803e+02	8.365128902591499041e-04
-7.455120495844511197e+02	8.532548827785775732e-04
-7.454787165369177728e+02	9.177643310132683942e-04
-7.454453834893843123e+02	9.311087811462856120e-04
-7.454120504418508517e+02	9.282132117449028597e-04
-7.453787173943173912e+02	9.338153264045064537e-04
-7.453453843467839306e+02	9.255725542101201188e-04
-7.453120512992504700e+02	9.225762849210142292e-04
-7.452787182517171232e+02	8.746890192707615277e-04
-7.452453852041836626e+02	8.958822408500001803e-04
-7.452120521566502021e+02	8.643595414623219016e-04
-7.451787191091167415e+02	8.414452951588627556e-04
-7.451453860615832809e+02	8.146424537564744221e-04
-7.451120530140499341e+02	8.066986097153423492e-04
-7.450787199665164735e+02	8.150662876311011527e-04
-7.450453869189830129e+02	8.174134004912523730e-04
-7.450120538714495524e+02	8.381915507566062946e-04
-7.449787208239160918e+02	8.306098500207202088e-04
-7.449453877763826313e+02	8.561328973668132442e-04
-7.449120547288492844e+02	8.856048424192232600e-04
-7.448787216813158238e+02	8.867898594028414492e-04
-7.448453886337823633e+02	8.921668029301750482e-04
-7.448120555862489027e+02	9.164074512186372659e-04
-7.447787225387154422e+02	9.229491647697379494e-04
-7.447453894911819816e+02	9.197720975511263723e-04
-7.447120564436486347e+02	9.374623683313030838e-04
-7.446787233961151742e+02	9.325432184280986123e-04
-7.446453903485817136e+02	9.264601829757280376e-04
-7.446120573010482531e+02	9.178504092112222019e-04
-7.445787242535147925e+02	9.255947520213299350e-04
-7.445453912059813320e+02	8.847351581398223011e-04
-7.445120581584479851e+02	8.871193776854335074e-04
-7.444787251109145245e+02	8.644111479165700936e-04
-7.444453920633810640e+02	8.486646445391238464e-04
-7.444120590158476034e+02	8.677130198627661540e-04
-7.443787259683141428e+02	8.626076407532666784e-04
-7.443453929207806823e+02	8.814296621747761459e-04
-7.443120598732473354e+02	8.864650483985156816e-04
-7.442787268257138749e+02	8.998141114667177745e-04
-7.442453937781804143e+02	9.198506142765870046e-04
-7.442120607306469537e+02	8.966552993940945853e-04
-7.441787276831134932e+02	9.379373523286344905e-04
-7.441453946355800326e+02	9.261004958091207696e-04
-7.441120615880466858e+02	9.171215896469666869e-04
-7.440787285405132252e+02	9.169740750807885707e-04
-7.440453954929797646e+02	9.236456211800636151e-04
-7.440120624454463041e+02	9.003656529915424330e-04
-7.439787293979128435e+02	8.561622083261626829e-04
-7.439453963503794967e+02	8.326281162460301335e-04
-7.439120633028460361e+02	8.183134405592985524e-04
-7.438787302553125755e+02	7.830399771216799230e-04
-7.438453972077791150e+02	7.514568031706300028e-04
-7.438120641602456544e+02	7.453178542839985826e-04
-7.437787311127121939e+02	7.435170313055388530e-04
-7.437453980651788470e+02	7.368921165042941184e-04
-7.437120650176453864e+02	7.388527135616692991e-04
-7.436787319701119259e+02	7.535530656242469356e-04
-7.436453989225784653e+02	7.523975536243420349e-04
-7.436120658750450048e+02	7.711851197032981329e-04
-7.435787328275115442e+02	8.162601069710171894e-04
-7.435453997799781973e+02	8.251251677972671955e-04
-7.435120667324447368e+02	8.454498545532606896e-04
-7.434787336849112762e+02	8.844282997246971385e-04
-7.434454006373778157e+02	8.885183326715404136e-04
-7.434120675898443551e+02	9.014566639436067145e-04
-7.433787345423108945e+02	9.159301046120626316e-04
-7.433454014947775477e+02	9.252218492171129143e-04
-7.433120684472440871e+02	9.426170310614358444e-04
-7.432787353997106266e+02	9.311936900996634764e-04
-7.432454023521771660e+02	9.338755209017922127e-04
-7.432120693046437054e+02	9.428471923830461466e-04
-7.431787362571102449e+02	9.460596701460544967e-04
-7.431454032095768980e+02	9.678610872171241296e-04
-7.431120701620434374e+02	9.638599890858369577e-04
-7.430787371145099769e+02	9.850451800973323777e-04
-7.430454040669765163e+02	9.715157747185991120e-04
-7.430120710194430558e+02	9.993732425650190838e-04
-7.429787379719095952e+02	9.798645780354953323e-04
-7.429454049243762483e+02	1.018536238602422116e-03
-7.429120718768427878e+02	1.025220556554268898e-03
-7.428787388293093272e+02	1.061598795786436933e-03
-7.428454057817758667e+02	1.089977268385936525e-03
-7.428120727342424061e+02	1.113345158931285626e-03
-7.427787396867089456e+02	1.127471310407760809e-03
-7.427454066391755987e+02	1.136485622413098287e-03
-7.427120735916421381e+02	1.158254444389631484e-03
-7.426787405441086776e+02	1.172946648442721842e-03
-7.426454074965752170e+02	1.154700328794940533e-03
-7.426120744490417565e+02	1.150744502562415497e-03
-7.425787414015084096e+02	1.161117677331007392e-03
-7.425454083539749490e+02	1.154574210108345661e-03
-7.425120753064414885e+02	1.141660404712584046e-03
-7.424787422589080279e+02	1.148088379440460622e-03
-7.424454092113745673e+02	1.125199494586672953e-03
-7.424120761638411068e+02	1.101678016931139899e-03
-7.423787431163077599e+02	1.106101647551545114e-03
-7.423454100687742994e+02	1.113370000883569071e-03
-7.423120770212408388e+02	1.110148918708028527e-03
-7.422787439737073782e+02	1.110624079464706676e-03
-7.422454109261739177e+02	1.137432421078926788e-03
-7.422120778786404571e+02	1.134000020387194128e-03
-7.421787448311071103e+02	1.138301668943906110e-03
-7.421454117835736497e+02	1.173610462365830146e-03
-7.421120787360401891e+02	1.200055893259710776e-03
-7.420787456885067286e+02	1.209063856126819632e-03
-7.420454126409732680e+02	1.252313013559263211e-03
-7.420120795934398075e+02	1.294131616267069074e-03
-7.419787465459064606e+02	1.292757460218206490e-03
-7.419454134983730000e+02	1.316754887226331740e-03
-7.419120804508395395e+02	1.332007155912087780e-03
-7.418787474033060789e+02	1.353507290507676613e-03
-7.418454143557726184e+02	1.372956472282226394e-03
-7.418120813082391578e+02	1.367220567985629170e-03
-7.417787482607058109e+02	1.353254637803837221e-03
-7.417454152131723504e+02	1.372826089435297010e-03
-7.417120821656388898e+02	1.357230664823286552e-03
-7.416787491181054293e+02	1.397834142622618285e-03
-7.416454160705719687e+02	1.406431231553317189e-03
-7.416120830230385081e+02	1.393172138978602528e-03
-7.415787499755051613e+02	1.388713680905306717e-03
-7.415454169279717007e+02	1.399961577462213377e-03
-7.415120838804382402e+02	1.399641182695106302e-03
-7.414787508329047796e+02	1.417507432835668924e-03
-7.414454177853713190e+02	1.435079596959709875e-03
-7.414120847378379722e+02	1.446165413339608541e-03
-7.413787516903045116e+02	1.478680594597860543e-03
-7.413454186427710511e+02	1.486995458339200864e-03
-7.413120855952375905e+02	1.488393690345469773e-03
-7.412787525477041299e+02	1.499600220363290787e-03
-7.412454195001706694e+02	1.522557272758029608e-03
-7.412120864526373225e+02	1.546088870442048017e-03
-7.411787534051038620e+02	1.577574839506146014e-03
-7.411454203575704014e+02	1.541569626417199374e-03
-7.411120873100369408e+02	1.582663151949189120e-03
-7.410787542625034803e+02	1.579951243935237906e-03
-7.410454212149700197e+02	1.627498671774484139e-03
-7.410120881674366728e+02	1.605489034958554155e-03
-7.409787551199032123e+02	1.621163725694296006e-03
-7.409454220723697517e+02	1.625848007912257054e-03
-7.409120890248362912e+02	1.606695064185518227e-03
-7.408787559773028306e+02	1.622046460994592794e-03
-7.408454229297693701e+02	1.634086457148197641e-03
-7.408120898822360232e+02	1.595649704513520204e-03
-7.407787568347025626e+02	1.615427730827319460e-03
-7.407454237871691021e+02	1.610946620681780964e-03
-7.407120907396356415e+02	1.618636225326397634e-03
-7.406787576921021810e+02	1.620340083307917917e-03
-7.406454246445687204e+02	1.633674557082141808e-03
-7.406120915970353735e+02	1.678351503778245483e-03
-7.405787585495019130e+02	1.679066164566239651e-03
-7.405454255019684524e+02	1.683934885636110233e-03
-7.405120924544349919e+02	1.726805311569203040e-03
-7.404787594069015313e+02	1.759879857125197207e-03
-7.404454263593680707e+02	1.799192870266786608e-03
-7.404120933118347239e+02	1.838189329274255053e-03
-7.403787602643012633e+02	1.846180095291239092e-03
-7.403454272167678027e+02	1.869282961727379046e-03
-7.403120941692343422e+02	1.895510350995332832e-03
-7.402787611217008816e+02	1.910829253263736762e-03
-7.402454280741674211e+02	1.924211291557436287e-03
-7.402120950266340742e+02	1.919673470882127557e-03
-7.401787619791006136e+02	1.951459248151297043e-03
-7.401454289315671531e+02	1.966597807814237861e-03
-7.401120958840336925e+02	1.949485706285862844e-03
-7.400787628365002320e+02	1.934772456931478949e-03
-7.400454297889668851e+02	1.931785674706570444e-03
-7.400120967414334245e+02	1.918132861472198391e-03
-7.399787636938999640e+02	1.911441951962445989e-03
-7.399454306463665034e+02	1.896642764015412383e-03
-7.399120975988330429e+02	1.879166598048388846e-03
-7.398787645512995823e+02	1.879952731170546473e-03
-7.398454315037662354e+02	1.872726995893579313e-03
-7.398120984562327749e+02	1.873213075009888583e-03
-7.397787654086993143e+02	1.852021929261356151e-03
-7.397454323611658538e+02	1.872496033448314617e-03
-7.397120993136323932e+02	1.856174670471628886e-03
-7.396787662660989326e+02	1.843811622850966654e-03
-7.396454332185655858e+02	1.864392815642310509e-03
-7.396121001710321252e+02	1.860729111950675061e-03
-7.395787671234986647e+02	1.891744519937106715e-03
-7.395454340759652041e+02	1.861144806494964467e-03
-7.395121010284317435e+02	1.882822524187528377e-03
-7.394787679808982830e+02	1.863133057117186304e-03
-7.394454349333649361e+02	1.857603817938857258e-03
-7.394121018858314756e+02	1.827522202595975630e-03
-7.393787688382980150e+02	1.815700199886891063e-03
-7.393454357907645544e+02	1.787595152257122171e-03
-7.393121027432310939e+02	1.779826830988017958e-03
-7.392787696956976333e+02	1.715081501887259210e-03
-7.392454366481642865e+02	1.640819135166239487e-03
-7.392121036006308259e+02	1.623390901519656615e-03
-7.391787705530973653e+02	1.555707095436897024e-03
-7.391454375055639048e+02	1.480241275481765416e-03
-7.391121044580304442e+02	1.438101902777226028e-03
-7.390787714104969837e+02	1.401375916993550380e-03
-7.390454383629636368e+02	1.338631106616680177e-03
-7.390121053154301762e+02	1.322590145822997781e-03
-7.389787722678967157e+02	1.299405368906581069e-03
-7.389454392203632551e+02	1.303752970691304499e-03
-7.389121061728297946e+02	1.319116947380463527e-03
-7.388787731252964477e+02	1.316507268830773144e-03
-7.388454400777629871e+02	1.362097188094346352e-03
-7.388121070302295266e+02	1.417334020629617934e-03
-7.387787739826960660e+02	1.459929720137098609e-03
-7.387454409351626055e+02	1.548045163008819830e-03
-7.387121078876291449e+02	1.620221340509483054e-03
-7.386787748400957980e+02	1.709112554348923797e-03
-7.386454417925623375e+02	1.783057717373942369e-03
-7.386121087450288769e+02	1.829043323121618469e-03
-7.385787756974954164e+02	1.935999442390130918e-03
-7.385454426499619558e+02	2.027749401913586311e-03
-7.385121096024284952e+02	2.091097081704874298e-03
-7.384787765548951484e+02	2.151008898130239277e-03
-7.384454435073616878e+02	2.213675043996967979e-03
-7.384121104598282272e+02	2.305357866506786962e-03
-7.383787774122947667e+02	2.344495246071506746e-03
-7.383454443647613061e+02	2.380154587141141038e-03
-7.383121113172278456e+02	2.419519782050527385e-03
-7.382787782696944987e+02	2.514894493562208188e-03
-7.382454452221610381e+02	2.576495540587636548e-03
-7.382121121746275776e+02	2.599668475394624565e-03
-7.381787791270941170e+02	2.656699594761801220e-03
-7.381454460795606565e+02	2.691434195254097106e-03
-7.381121130320271959e+02	2.782081557667386278e-03
-7.380787799844938490e+02	2.836127517655039846e-03
-7.380454469369603885e+02	2.880201225278552091e-03
-7.380121138894269279e+02	2.909562526508784139e-03
-7.379787808418934674e+02	2.953493498598485593e-03
-7.379454477943600068e+02	2.972307273685267145e-03
-7.379121147468265463e+02	3.008152211131479535e-03
-7.378787816992931994e+02	3.021605173915910009e-03
-7.378454486517597388e+02	3.004696375425448818e-03
-7.378121156042262783e+02	2.976103147868930984e-03
-7.377787825566928177e+02	2.951632536880299373e-03
-7.377454495091593571e+02	2.898374603829675499e-03
-7.377121164616260103e+02	2.818213276884031730e-03
-7.376787834140925497e+02	2.750083021425126818e-03
-7.376454503665590892e+02	2.708014514174356211e-03
-7.376121173190256286e+02	2.640333472220087168e-03
-7.375787842714921680e+02	2.575719422178171514e-03
-7.375454512239587075e+02	2.475856423394693674e-03
-7.375121181764253606e+02	2.403928980123090382e-03
-7.374787851288919001e+02	2.361872223307325425e-03
-7.374454520813584395e+02	2.319003068500156538e-03
-7.374121190338249789e+02	2.258160002926131935e-03
-7.373787859862915184e+02	2.229893158713244089e-03
-7.373454529387580578e+02	2.228637333669507715e-03
-7.373121198912247110e+02	2.189081790498946523e-03
-7.372787868436912504e+02	2.151161969361371513e-03
-7.372454537961577898e+02	2.149811667197239901e-03
-7.372121207486243293e+02	2.148015644239891983e-03
-7.371787877010908687e+02	2.132776168631811062e-03
-7.371454546535574082e+02	2.118432969085761678e-03
-7.371121216060240613e+02	2.138285943783830353e-03
-7.370787885584906007e+02	2.141396069680199816e-03
-7.370454555109571402e+02	2.108159393011222165e-03
-7.370121224634236796e+02	2.095546113483286784e-03
-7.369787894158902191e+02	2.081984777435945747e-03
-7.369454563683567585e+02	2.096255271474936274e-03
-7.369121233208234116e+02	2.074066758128768374e-03
-7.368787902732899511e+02	2.037162482657845896e-03
-7.368454572257564905e+02	2.027952523659966918e-03
-7.368121241782230300e+02	2.021394892601537097e-03
-7.367787911306895694e+02	2.010361454257530902e-03
-7.367454580831561088e+02	1.999497383454337546e-03
-7.367121250356227620e+02	1.992039579948190735e-03
-7.366787919880893014e+02	1.994575317011988442e-03
-7.366454589405558409e+02	1.987181948194478853e-03
-7.366121258930223803e+02	1.965654579050158789e-03
-7.365787928454889197e+02	1.962398356269872291e-03
-7.365454597979555729e+02	1.952135202631022880e-03
-7.365121267504221123e+02	1.935392482226488313e-03
-7.364787937028886518e+02	1.964021856824160490e-03
-7.364454606553551912e+02	1.961539556632438484e-03
-7.364121276078217306e+02	1.979840783869739156e-03
-7.363787945602882701e+02	2.004291651551561894e-03
-7.363454615127549232e+02	2.020621440637975549e-03
-7.363121284652214626e+02	2.053572533554140576e-03
-7.362787954176880021e+02	2.083447883464440917e-03
-7.362454623701545415e+02	2.125953366041591006e-03
-7.362121293226210810e+02	2.169347559830136964e-03
-7.361787962750876204e+02	2.229616273390915178e-03
-7.361454632275542735e+02	2.280513868042882870e-03
-7.361121301800208130e+02	2.350972810106748828e-03
-7.360787971324873524e+02	2.377235619967106410e-03
-7.360454640849538919e+02	2.447674511125160369e-03
-7.360121310374204313e+02	2.487427978330939652e-03
-7.359787979898869708e+02	2.523080147658429782e-03
-7.359454649423536239e+02	2.574144933768258894e-03
-7.359121318948201633e+02	2.590988366175698502e-03
-7.358787988472867028e+02	2.624453738267589105e-03
-7.358454657997532422e+02	2.668656706610393180e-03
-7.358121327522197817e+02	2.673550089784192466e-03
-7.357787997046863211e+02	2.670052314732326154e-03
-7.357454666571529742e+02	2.686708628698610858e-03
-7.357121336096195137e+02	2.669206052314971721e-03
-7.356788005620860531e+02	2.697854688232714706e-03
-7.356454675145525925e+02	2.687635544564645831e-03
-7.356121344670191320e+02	2.670416190724509645e-03
-7.355788014194856714e+02	2.682025266746779820e-03
-7.355454683719523246e+02	2.671020297735973541e-03
-7.355121353244188640e+02	2.721903861133643035e-03
-7.354788022768854034e+02	2.738774631509694607e-03
-7.354454692293519429e+02	2.747795464712113334e-03
-7.354121361818184823e+02	2.730022152712436364e-03
-7.353788031342851355e+02	2.746358262670690279e-03
-7.353454700867516749e+02	2.744279292500898144e-03
-7.353121370392182143e+02	2.762222083527130466e-03
-7.352788039916847538e+02	2.756381401767068855e-03
-7.352454709441512932e+02	2.756780594951191952e-03
-7.352121378966178327e+02	2.788018836450456388e-03
-7.351788048490844858e+02	2.785682723271381417e-03
-7.351454718015510252e+02	2.768287022556312638e-03
-7.351121387540175647e+02	2.782570042042863383e-03
-7.350788057064841041e+02	2.773708400427922320e-03
-7.350454726589506436e+02	2.748703181923098024e-03
-7.350121396114171830e+02	2.731058047918022598e-03
-7.349788065638838361e+02	2.717436194596979746e-03
-7.349454735163503756e+02	2.721947562128619862e-03
-7.349121404688169150e+02	2.694060932279741544e-03
-7.348788074212834545e+02	2.668116031160203648e-03
-7.348454743737499939e+02	2.635610009294509642e-03
-7.348121413262165333e+02	2.631253816037821582e-03
-7.347788082786831865e+02	2.598723847802414475e-03
-7.347454752311497259e+02	2.571989731393405261e-03
-7.347121421836162654e+02	2.570124151294099664e-03
-7.346788091360828048e+02	2.542072427046823940e-03
-7.346454760885493442e+02	2.511491348668118059e-03
-7.346121430410158837e+02	2.498192953565056985e-03
-7.345788099934825368e+02	2.527119062127298078e-03
-7.345454769459490763e+02	2.509042178680147891e-03
-7.345121438984156157e+02	2.497063272469146090e-03
-7.344788108508821551e+02	2.505843475617196454e-03
-7.344454778033486946e+02	2.487232411248398428e-03
-7.344121447558152340e+02	2.507208697184655413e-03
-7.343788117082818871e+02	2.507967414005109977e-03
-7.343454786607484266e+02	2.484097615748547851e-03
-7.343121456132149660e+02	2.517340898652199385e-03
-7.342788125656815055e+02	2.522778876328287539e-03
-7.342454795181480449e+02	2.510514497076806947e-03
-7.342121464706146980e+02	2.517082269168428345e-03
-7.341788134230812375e+02	2.501768528623805020e-03
-7.341454803755477769e+02	2.522978221709558638e-03
-7.341121473280143164e+02	2.526311268551308629e-03
-7.340788142804808558e+02	2.530300792481819834e-03
-7.340454812329473953e+02	2.516857721078442130e-03
-7.340121481854140484e+02	2.527986129041344746e-03
-7.339788151378805878e+02	2.547378094327921224e-03
-7.339454820903471273e+02	2.541699053837417725e-03
-7.339121490428136667e+02	2.546695902898171888e-03
-7.338788159952802062e+02	2.558026865608850793e-03
-7.338454829477467456e+02	2.585734451134562122e-03
-7.338121499002133987e+02	2.585814718005197046e-03
-7.337788168526799382e+02	2.621975071036640025e-03
-7.337454838051464776e+02	2.656813713838175259e-03
-7.337121507576130170e+02	2.683950912828698965e-03
-7.336788177100795565e+02	2.693325364042729875e-03
-7.336454846625460959e+02	2.760586875491192766e-03
-7.336121516150127491e+02	2.761795871018114888e-03
-7.335788185674792885e+02	2.816591452943693202e-03
-7.335454855199458279e+02	2.848424712357635995e-03
-7.335121524724123674e+02	2.890441252597995142e-03
-7.334788194248789068e+02	2.901550234340516746e-03
-7.334454863773454463e+02	2.924681580739728597e-03
-7.334121533298120994e+02	2.937294176605456403e-03
-7.333788202822786388e+02	2.942622761625194542e-03
-7.333454872347451783e+02	2.964692808320516532e-03
-7.333121541872117177e+02	2.956386825887055442e-03
-7.332788211396782572e+02	2.952704713415928769e-03
-7.332454880921447966e+02	2.935979022246838939e-03
-7.332121550446114497e+02	2.946610573242907684e-03
-7.331788219970779892e+02	2.934596615541443156e-03
-7.331454889495445286e+02	2.909770351101125929e-03
-7.331121559020110681e+02	2.902497590088846252e-03
-7.330788228544776075e+02	2.863364335308545006e-03
-7.330454898069442606e+02	2.854549954144626218e-03
-7.330121567594108001e+02	2.820708304471979642e-03
-7.329788237118773395e+02	2.807882611756597896e-03
-7.329454906643438790e+02	2.789182599266841305e-03
-7.329121576168104184e+02	2.772233697817928690e-03
-7.328788245692769578e+02	2.741475347493635157e-03
-7.328454915217434973e+02	2.742297475779232295e-03
-7.328121584742101504e+02	2.740007643021884036e-03
-7.327788254266766899e+02	2.718946981551389509e-03
-7.327454923791432293e+02	2.692284814590045240e-03
-7.327121593316097687e+02	2.719727833284604854e-03
-7.326788262840763082e+02	2.704706612877829947e-03
-7.326454932365429613e+02	2.704477633302410349e-03
-7.326121601890095008e+02	2.716546379450412736e-03
-7.325788271414760402e+02	2.706913554063331267e-03
-7.325454940939425796e+02	2.717129557616633842e-03
-7.325121610464091191e+02	2.714329031888462057e-03
-7.324788279988756585e+02	2.686197302290296070e-03
-7.324454949513423117e+02	2.714594874756773388e-03
-7.324121619038088511e+02	2.727660634874706433e-03
-7.323788288562753905e+02	2.708128463788319566e-03
-7.323454958087419300e+02	2.714791930710905733e-03
-7.323121627612084694e+02	2.717078211011277836e-03
-7.322788297136750089e+02	2.711600674208355585e-03
-7.322454966661416620e+02	2.687266909214492544e-03
-7.322121636186082014e+02	2.683399949527133076e-03
-7.321788305710747409e+02	2.695869219759713942e-03
-7.321454975235412803e+02	2.733077415728383565e-03
-7.321121644760078198e+02	2.723563383171830662e-03
-7.320788314284743592e+02	2.700720677993991882e-03
-7.320454983809410123e+02	2.722236792583346016e-03
-7.320121653334075518e+02	2.722659971682831956e-03
-7.319788322858740912e+02	2.752263463780792868e-03
-7.319454992383406307e+02	2.749789105619729855e-03
-7.319121661908071701e+02	2.769244922394470832e-03
-7.318788331432737095e+02	2.808609488398847078e-03
-7.318455000957403627e+02	2.810878737542409252e-03
-7.318121670482069021e+02	2.839508938693730954e-03
-7.317788340006734416e+02	2.871752717078657723e-03
-7.317455009531399810e+02	2.898413159326315887e-03
-7.317121679056065204e+02	2.946957608763608582e-03
-7.316788348580730599e+02	2.921695830333833569e-03
-7.316455018105397130e+02	2.961849023991757705e-03
-7.316121687630062524e+02	2.981249887055583553e-03
-7.315788357154727919e+02	3.014930525089742387e-03
-7.315455026679393313e+02	3.027335970845874535e-03
-7.315121696204058708e+02	3.009112894552857555e-03
-7.314788365728725239e+02	3.013738164976095465e-03
-7.314455035253390633e+02	3.002841750141533542e-03
-7.314121704778056028e+02	2.983997572416980087e-03
-7.313788374302721422e+02	2.975193914139503785e-03
-7.313455043827386817e+02	2.982225062708931604e-03
-7.313121713352052211e+02	2.968679177298409137e-03
-7.312788382876718742e+02	2.920337740993645629e-03
-7.312455052401384137e+02	2.938928565777491203e-03
-7.312121721926049531e+02	2.891820233690339890e-03
-7.311788391450714926e+02	2.889392300126011892e-03
-7.311455060975380320e+02	2.878470425483834090e-03
-7.311121730500045715e+02	2.833211826600545800e-03
-7.310788400024712246e+02	2.827179924057060447e-03
-7.310455069549377640e+02	2.770535818671799808e-03
-7.310121739074043035e+02	2.736530276977323928e-03
-7.309788408598708429e+02	2.724277713758312212e-03
-7.309455078123373823e+02	2.711432288197739710e-03
-7.309121747648039218e+02	2.700729080119190599e-03
-7.308788417172705749e+02	2.664847153333690499e-03
-7.308455086697371144e+02	2.657069739557039057e-03
-7.308121756222036538e+02	2.644391346092489145e-03
-7.307788425746701932e+02	2.685001812664513602e-03
-7.307455095271367327e+02	2.697816467212556853e-03
-7.307121764796032721e+02	2.681297994804486638e-03
-7.306788434320699253e+02	2.711702047596265333e-03
-7.306455103845364647e+02	2.738264495477150864e-03
-7.306121773370030041e+02	2.768081333237054197e-03
-7.305788442894695436e+02	2.797041855597782404e-03
-7.305455112419360830e+02	2.824765662776383603e-03
-7.305121781944026225e+02	2.851353905476247848e-03
-7.304788451468692756e+02	2.891717893765882296e-03
-7.304455120993358150e+02	2.936887115592326514e-03
-7.304121790518023545e+02	2.955946546240881181e-03
-7.303788460042688939e+02	2.989935302562893131e-03
-7.303455129567354334e+02	3.018841048166410503e-03
-7.303121799092020865e+02	3.050990432807359348e-03
-7.302788468616686259e+02	3.079356493171221416e-03
-7.302455138141351654e+02	3.092623427082570771e-03
-7.302121807666017048e+02	3.129771649620007035e-03
-7.301788477190682443e+02	3.148637109851729413e-03
-7.301455146715347837e+02	3.172604216346959754e-03
-7.301121816240014368e+02	3.171140369404221431e-03
-7.300788485764679763e+02	3.214072691291931360e-03
-7.300455155289345157e+02	3.204569520778613369e-03
-7.300121824814010552e+02	3.240286402347297180e-03
-7.299788494338675946e+02	3.248032265582521342e-03
-7.299455163863341340e+02	3.278982382022518818e-03
-7.299121833388007872e+02	3.272182047073693683e-03
-7.298788502912673266e+02	3.286519909074008244e-03
-7.298455172437338661e+02	3.285181089177816472e-03
-7.298121841962004055e+02	3.275010357017873672e-03
-7.297788511486669449e+02	3.275622099302009926e-03
-7.297455181011334844e+02	3.264549524104012196e-03
-7.297121850536001375e+02	3.267055518560278531e-03
-7.296788520060666769e+02	3.239991677251246194e-03
-7.296455189585332164e+02	3.241106701289849217e-03
-7.296121859109997558e+02	3.209129065689363472e-03
-7.295788528634662953e+02	3.194531771646316742e-03
-7.295455198159328347e+02	3.156667834080776822e-03
-7.295121867683994878e+02	3.143255406664154355e-03
-7.294788537208660273e+02	3.135677672007270485e-03
-7.294455206733325667e+02	3.081848036643727428e-03
-7.294121876257991062e+02	3.073993842194874728e-03
-7.293788545782656456e+02	3.068846005653654702e-03
-7.293455215307321851e+02	3.043646874203156591e-03
-7.293121884831988382e+02	3.023340582217293702e-03
-7.292788554356653776e+02	2.963647065196914517e-03
-7.292455223881319171e+02	2.963561228437261268e-03
-7.292121893405984565e+02	2.949471963596526306e-03
-7.291788562930649960e+02	2.896401424201871817e-03
-7.291455232455316491e+02	2.871935284896458794e-03
-7.291121901979981885e+02	2.869876490928404203e-03
-7.290788571504647280e+02	2.857592345147010309e-03
-7.290455241029312674e+02	2.832268072724478114e-03
-7.290121910553978068e+02	2.832982061436288296e-03
-7.289788580078643463e+02	2.828695072454090464e-03
-7.289455249603309994e+02	2.833568637563921647e-03
-7.289121919127975389e+02	2.809928862514022609e-03
-7.288788588652640783e+02	2.824908524437833978e-03
-7.288455258177306177e+02	2.800667255472807579e-03
-7.288121927701971572e+02	2.806372581598723295e-03
-7.287788597226636966e+02	2.837506148482313306e-03
-7.287455266751303498e+02	2.862077945052812680e-03
-7.287121936275968892e+02	2.863666130790199372e-03
-7.286788605800634286e+02	2.886264541820161584e-03
-7.286455275325299681e+02	2.887117365696155024e-03
-7.286121944849965075e+02	2.888945947421401282e-03
-7.285788614374630470e+02	2.913003760689336988e-03
-7.285455283899297001e+02	2.935088127586185733e-03
-7.285121953423962395e+02	2.919678935809081905e-03
-7.284788622948627790e+02	2.943142704123383017e-03
-7.284455292473293184e+02	2.889356077348402465e-03
-7.284121961997958579e+02	2.896801547507285232e-03
-7.283788631522623973e+02	2.878075136908557312e-03
-7.283455301047290504e+02	2.854842238360418873e-03
-7.283121970571955899e+02	2.843385900986403030e-03
-7.282788640096621293e+02	2.840317844368937372e-03
-7.282455309621286688e+02	2.821389964874184558e-03
-7.282121979145952082e+02	2.789611013401218503e-03
-7.281788648670617476e+02	2.775909998352933325e-03
-7.281455318195284008e+02	2.757753291114836604e-03
-7.281121987719949402e+02	2.751219007086066603e-03
-7.280788657244614797e+02	2.749192785010054485e-03
-7.280455326769280191e+02	2.758649942078643998e-03
-7.280121996293945585e+02	2.766844907953642466e-03
-7.279788665818612117e+02	2.801111069432018954e-03
-7.279455335343277511e+02	2.776934851443355057e-03
-7.279122004867942906e+02	2.808563178630264692e-03
-7.278788674392608300e+02	2.826809059132424223e-03
-7.278455343917273694e+02	2.856636732899284735e-03
-7.278122013441939089e+02	2.856601951433556351e-03
-7.277788682966605620e+02	2.881655858596383121e-03
-7.277455352491271015e+02	2.891091594332870825e-03
-7.277122022015936409e+02	2.908494257382352160e-03
-7.276788691540601803e+02	2.899236600090440361e-03
-7.276455361065267198e+02	2.931580632476891643e-03
-7.276122030589932592e+02	2.951779146714220928e-03
-7.275788700114599123e+02	2.963165059560147422e-03
-7.275455369639264518e+02	2.934671240640188139e-03
-7.275122039163929912e+02	2.930521136693998736e-03
-7.274788708688595307e+02	2.966116632452056850e-03
-7.274455378213260701e+02	2.940826437173730927e-03
-7.274122047737926096e+02	2.918092624186665197e-03
-7.273788717262592627e+02	2.931775300436265021e-03
-7.273455386787258021e+02	2.935967252842419575e-03
-7.273122056311923416e+02	2.949147995243272830e-03
-7.272788725836588810e+02	2.952092798354416774e-03
-7.272455395361254205e+02	3.002073927619174250e-03
-7.272122064885919599e+02	3.014854096470753232e-03
-7.271788734410586130e+02	3.008094530264882570e-03
-7.271455403935251525e+02	3.057457371204790400e-03
-7.271122073459916919e+02	3.083443230283916016e-03
-7.270788742984582314e+02	3.105911304847484757e-03
-7.270455412509247708e+02	3.174151103851662568e-03
-7.270122082033913102e+02	3.191586462613824580e-03
-7.269788751558579634e+02	3.268497695416568930e-03
-7.269455421083245028e+02	3.325631287690421298e-03
-7.269122090607910422e+02	3.347575123787051125e-03
-7.268788760132575817e+02	3.397432638072915394e-03
-7.268455429657241211e+02	3.450536027350358231e-03
-7.268122099181907743e+02	3.516480467871874703e-03
-7.267788768706573137e+02	3.561860454132907521e-03
-7.267455438231238531e+02	3.619304914703877583e-03
-7.267122107755903926e+02	3.653089054706763414e-03
-7.266788777280569320e+02	3.714238380363363550e-03
-7.266455446805234715e+02	3.758951271192773926e-03
-7.266122116329901246e+02	3.827215552981675772e-03
-7.265788785854566640e+02	3.885979703371766122e-03
-7.265455455379232035e+02	3.935298182144372769e-03
-7.265122124903897429e+02	4.026914630921164633e-03
-7.264788794428562824e+02	4.107375382878418989e-03
-7.264455463953228218e+02	4.206071836481550287e-03
-7.264122133477894749e+02	4.319483995175559844e-03
-7.263788803002560144e+02	4.423470025656328283e-03
-7.263455472527225538e+02	4.549755245409078420e-03
-7.263122142051890933e+02	4.686138357242321077e-03
-7.262788811576556327e+02	4.790045600316503692e-03
-7.262455481101221721e+02	4.889772874732708705e-03
-7.262122150625888253e+02	4.973347388396362305e-03
-7.261788820150553647e+02	5.034085434930190596e-03
-7.261455489675219042e+02	5.052847142705116888e-03
-7.261122159199884436e+02	5.013964547734025765e-03
-7.260788828724549830e+02	4.932512346012465215e-03
-7.260455498249215225e+02	4.746092709881246166e-03
-7.260122167773881756e+02	4.520123242901289383e-03
-7.259788837298547151e+02	4.186755853880196922e-03
-7.259455506823212545e+02	3.724289643630634018e-03
-7.259122176347877939e+02	3.180652329587318333e-03
-7.258788845872543334e+02	2.550668603998432725e-03
-7.258455515397208728e+02	1.763572033993575892e-03
-7.258122184921875260e+02	9.021278821952533359e-04
-7.257788854446540654e+02	-1.748517601029262353e-05
-7.257455523971206048e+02	-9.880044854631666370e-04
-7.257122193495871443e+02	-1.978163598401246320e-03
-7.256788863020536837e+02	-2.931227081738537171e-03
-7.256455532545203368e+02	-3.830552097930956836e-03
-7.256122202069868763e+02	-4.612924279231909314e-03
-7.255788871594534157e+02	-5.173998144300868962e-03
-7.255455541119199552e+02	-5.521916642281393846e-03
-7.255122210643864946e+02	-5.575824464665499712e-03
-7.254788880168530341e+02	-5.306289846993213905e-03
-7.254455549693196872e+02	-4.685666911371272510e-03
-7.254122219217862266e+02	-3.679920916151577497e-03
-7.253788888742527661e+02	-2.359578291431508896e-03
-7.253455558267193055e+02	-8.076436636778072968e-04
-7.253122227791858450e+02	9.059145062514273490e-04
-7.252788897316523844e+02	2.625345879014770976e-03
-7.252455566841190375e+02	4.280542907599145172e-03
-7.252122236365855770e+02	5.767134007305872202e-03
-7.251788905890521164e+02	6.971808404785588206e-03
-7.251455575415186559e+02	7.856680389343968091e-03
-7.251122244939851953e+02	8.398265807992827403e-03
-7.250788914464517347e+02	8.560402951289057885e-03
-7.250455583989183879e+02	8.403030551547537377e-03
-7.250122253513849273e+02	7.971008361920911556e-03
-7.249788923038514667e+02	7.349132532314449004e-03
-7.249455592563180062e+02	6.676588000247882237e-03
-7.249122262087845456e+02	5.964039494962391358e-03
-7.248788931612510851e+02	5.384955502257630748e-03
-7.248455601137177382e+02	4.934324094362663865e-03
-7.248122270661842776e+02	4.678447634689395299e-03
-7.247788940186508171e+02	4.566811168947719143e-03
-7.247455609711173565e+02	4.597213010076614190e-03
-7.247122279235838960e+02	4.734043890158331873e-03
-7.246788948760504354e+02	4.900461174184577405e-03
-7.246455618285170885e+02	5.029690886586080448e-03
-7.246122287809836280e+02	5.133813442643532163e-03
-7.245788957334501674e+02	5.201440977541563204e-03
-7.245455626859167069e+02	5.193543795202733640e-03
-7.245122296383832463e+02	5.141076166875589368e-03
-7.244788965908498994e+02	5.099669744222212753e-03
-7.244455635433164389e+02	5.018811772144212043e-03
-7.244122304957829783e+02	4.952657667820327750e-03
-7.243788974482495178e+02	4.929554660693172968e-03
-7.243455644007160572e+02	4.861506225279231715e-03
-7.243122313531825966e+02	4.797400096387865846e-03
-7.242788983056491361e+02	4.688596469300133213e-03
-7.242455652581157892e+02	4.545861551892997447e-03
-7.242122322105823287e+02	4.341268205153105131e-03
-7.241788991630488681e+02	4.121260566172410891e-03
-7.241455661155154075e+02	3.915292995660278087e-03
-7.241122330679819470e+02	3.669168601750337922e-03
-7.240789000204486001e+02	3.450903737893896983e-03
-7.240455669729151396e+02	3.274393261472053653e-03
-7.240122339253816790e+02	3.112419450128578024e-03
-7.239789008778482184e+02	2.985783637787651351e-03
-7.239455678303147579e+02	2.840165687299381000e-03
-7.239122347827812973e+02	2.759452798391443581e-03
-7.238789017352479505e+02	2.721939236577311603e-03
-7.238455686877144899e+02	2.730410880896534057e-03
-7.238122356401810293e+02	2.810781982296041426e-03
-7.237789025926475688e+02	2.941323586416725536e-03
-7.237455695451141082e+02	3.130127857238700073e-03
-7.237122364975806477e+02	3.285313487674978300e-03
-7.236789034500473008e+02	3.419526180790741308e-03
-7.236455704025138402e+02	3.518397060186969055e-03
-7.236122373549803797e+02	3.534040010180217357e-03
-7.235789043074469191e+02	3.562916603797732038e-03
-7.235455712599134586e+02	3.583716445218891513e-03
-7.235122382123799980e+02	3.620471841943507640e-03
-7.234789051648466511e+02	3.730417987616398579e-03
-7.234455721173131906e+02	3.831203138944201236e-03
-7.234122390697797300e+02	3.973052780367572999e-03
-7.233789060222462695e+02	4.143917808666041681e-03
-7.233455729747128089e+02	4.260568962878815910e-03
-7.233122399271793483e+02	4.349647308052851345e-03
-7.232789068796460015e+02	4.406637326610902093e-03
-7.232455738321125409e+02	4.395953027324005224e-03
-7.232122407845790804e+02	4.417201589692293200e-03
-7.231789077370456198e+02	4.442845053995884974e-03
-7.231455746895121592e+02	4.486206217267768408e-03
-7.231122416419786987e+02	4.554782740236875543e-03
-7.230789085944453518e+02	4.627789254865856058e-03
-7.230455755469118913e+02	4.663772753129549233e-03
-7.230122424993784307e+02	4.686486567355361600e-03
-7.229789094518449701e+02	4.679455696299711365e-03
-7.229455764043115096e+02	4.693296797591519319e-03
-7.229122433567781627e+02	4.675755011130858577e-03
-7.228789103092447021e+02	4.654790905146108035e-03
-7.228455772617112416e+02	4.693447696141290343e-03
-7.228122442141777810e+02	4.728313080227165670e-03
-7.227789111666443205e+02	4.723278159299628201e-03
-7.227455781191108599e+02	4.733569534643782342e-03
-7.227122450715775130e+02	4.740418558152592436e-03
-7.226789120240440525e+02	4.704639535707690057e-03
-7.226455789765105919e+02	4.665569562500421728e-03
-7.226122459289771314e+02	4.618642441957291137e-03
-7.225789128814436708e+02	4.594203605110587334e-03
-7.225455798339102103e+02	4.629755298299153762e-03
-7.225122467863768634e+02	4.647259287810017077e-03
-7.224789137388434028e+02	4.654005568928187668e-03
-7.224455806913099423e+02	4.651340779619777925e-03
-7.224122476437764817e+02	4.683252186970089312e-03
-7.223789145962430212e+02	4.693982821153388531e-03
-7.223455815487095606e+02	4.686738276206855319e-03
-7.223122485011762137e+02	4.684666960498841577e-03
-7.222789154536427532e+02	4.662940934743519533e-03
-7.222455824061092926e+02	4.637767368086934301e-03
-7.222122493585758320e+02	4.638326723351546971e-03
-7.221789163110423715e+02	4.595701869337105554e-03
-7.221455832635089109e+02	4.542107351648567992e-03
-7.221122502159755641e+02	4.485411342960073447e-03
-7.220789171684421035e+02	4.352760759259628048e-03
-7.220455841209086429e+02	4.228897965489327934e-03
-7.220122510733751824e+02	4.084253892895057733e-03
-7.219789180258417218e+02	3.910073561838096033e-03
-7.219455849783082613e+02	3.710389949752924011e-03
-7.219122519307749144e+02	3.502932949213167970e-03
-7.218789188832414538e+02	3.280654780512897838e-03
-7.218455858357079933e+02	3.059561639401122465e-03
-7.218122527881745327e+02	2.862949299653579343e-03
-7.217789197406410722e+02	2.715817644163560311e-03
-7.217455866931077253e+02	2.687829497074030027e-03
-7.217122536455742647e+02	2.711480423328960481e-03
-7.216789205980408042e+02	2.865405699665649758e-03
-7.216455875505073436e+02	3.149055032912740672e-03
-7.216122545029738831e+02	3.591642402332306718e-03
-7.215789214554404225e+02	4.167705729223029898e-03
-7.215455884079070756e+02	4.796233546013987936e-03
-7.215122553603736151e+02	5.545319931163861238e-03
-7.214789223128401545e+02	6.349710187195844492e-03
-7.214455892653066940e+02	7.110738156304912717e-03
-7.214122562177732334e+02	7.821663811724291482e-03
-7.213789231702397728e+02	8.422201615095881166e-03
-7.213455901227064260e+02	8.854695641472421289e-03
-7.213122570751729654e+02	9.018373889553397624e-03
-7.212789240276395049e+02	8.985929333915241082e-03
-7.212455909801060443e+02	8.772548348022754516e-03
-7.212122579325725837e+02	8.340611577170748206e-03
-7.211789248850391232e+02	7.723464395858880595e-03
-7.211455918375057763e+02	7.040896950948564298e-03
-7.211122587899723158e+02	6.296787865883233908e-03
-7.210789257424388552e+02	5.610848105220117218e-03
-7.210455926949053946e+02	4.955029794639038282e-03
-7.210122596473719341e+02	4.421764406397486746e-03
-7.209789265998384735e+02	4.046958562372381975e-03
-7.209455935523051267e+02	3.749582839828781173e-03
-7.209122605047716661e+02	3.528249295136158797e-03
-7.208789274572382055e+02	3.322921801854062697e-03
-7.208455944097047450e+02	3.100282486983023996e-03
-7.208122613621712844e+02	2.867726150927909622e-03
-7.207789283146378239e+02	2.531016670467510585e-03
-7.207455952671044770e+02	2.191367780350788816e-03
-7.207122622195710164e+02	1.850860968508389335e-03
-7.206789291720375559e+02	1.514628631624422971e-03
-7.206455961245040953e+02	1.282495387052617637e-03
-7.206122630769706348e+02	1.141890879349692026e-03
-7.205789300294372879e+02	1.203804569030659990e-03
-7.205455969819038273e+02	1.408471515276013379e-03
-7.205122639343703668e+02	1.737062017569903803e-03
-7.204789308868369062e+02	2.160726289227741549e-03
-7.204455978393034457e+02	2.671408245980011215e-03
-7.204122647917699851e+02	3.225524703767967526e-03
-7.203789317442366382e+02	3.761267477265510962e-03
-7.203455986967031777e+02	4.224017870797197420e-03
-7.203122656491697171e+02	4.614506054468090618e-03
-7.202789326016362565e+02	4.891467538631693104e-03
-7.202455995541027960e+02	4.985504372763262075e-03
-7.202122665065693354e+02	4.920542473364703309e-03
-7.201789334590359886e+02	4.604508082903722294e-03
-7.201456004115025280e+02	4.029845473086862001e-03
-7.201122673639690674e+02	3.261033610609737673e-03
-7.200789343164356069e+02	2.322291063027046455e-03
-7.200456012689021463e+02	1.242371811836173300e-03
-7.200122682213686858e+02	1.604968196701675042e-04
-7.199789351738353389e+02	-8.542078723342410316e-04
-7.199456021263018783e+02	-1.668331446593502958e-03
-7.199122690787684178e+02	-2.279125409165995257e-03
-7.198789360312349572e+02	-2.641313201245892514e-03
-7.198456029837014967e+02	-2.777956461410925355e-03
-7.198122699361680361e+02	-2.737271850731776146e-03
-7.197789368886346892e+02	-2.576093378225165816e-03
-7.197456038411012287e+02	-2.280490571088972587e-03
-7.197122707935677681e+02	-1.925242275239219840e-03
-7.196789377460343076e+02	-1.496405704033276904e-03
-7.196456046985008470e+02	-9.346810395336338853e-04
-7.196122716509673864e+02	-2.555228744294687181e-04
-7.195789386034340396e+02	6.514645643085788512e-04
-7.195456055559005790e+02	1.751389237577948314e-03
-7.195122725083671185e+02	3.114615176520355456e-03
-7.194789394608336579e+02	4.778119306322255698e-03
-7.194456064133001973e+02	6.703578982163601284e-03
-7.194122733657668505e+02	8.924854556983816134e-03
-7.193789403182333899e+02	1.144702556961242276e-02
-7.193456072706999294e+02	1.431154538969363170e-02
-7.193122742231664688e+02	1.749848785833379300e-02
-7.192789411756330082e+02	2.104038606810395076e-02
-7.192456081280995477e+02	2.499702969272582162e-02
-7.192122750805662008e+02	2.928208531427378691e-02
-7.191789420330327403e+02	3.396250352237899228e-02
-7.191456089854992797e+02	3.900107223459242656e-02
-7.191122759379658191e+02	4.447140157010832928e-02
-7.190789428904323586e+02	5.031546331030657682e-02
-7.190456098428988980e+02	5.646178472238020524e-02
-7.190122767953655512e+02	6.298120509857796367e-02
-7.189789437478320906e+02	6.980064494560378474e-02
-7.189456107002986300e+02	7.698577952428038718e-02
-7.189122776527651695e+02	8.452530336380270626e-02
-7.188789446052317089e+02	9.244637995628028626e-02
-7.188456115576982484e+02	1.008445741621136482e-01
-7.188122785101649015e+02	1.097673672831947639e-01
-7.187789454626314409e+02	1.192638612930925490e-01
-7.187456124150979804e+02	1.293759269467220363e-01
-7.187122793675645198e+02	1.401758596872505203e-01
-7.186789463200310593e+02	1.517416174739088242e-01
-7.186456132724975987e+02	1.640109045484920702e-01
-7.186122802249642518e+02	1.771179161344684783e-01
-7.185789471774307913e+02	1.910785119393609843e-01
-7.185456141298973307e+02	2.059620606595705394e-01
-7.185122810823638702e+02	2.217734143847904238e-01
-7.184789480348304096e+02	2.384516664752141524e-01
-7.184456149872969490e+02	2.559178931654617628e-01
-7.184122819397636022e+02	2.740638428466673493e-01
-7.183789488922301416e+02	2.927247371304809165e-01
-7.183456158446966811e+02	3.116389730562448834e-01
-7.183122827971632205e+02	3.305553777348558819e-01
-7.182789497496297599e+02	3.490788993769730064e-01
-7.182456167020964131e+02	3.668111016808880409e-01
-7.182122836545629525e+02	3.832558212354603699e-01
-7.181789506070294919e+02	3.979091419040070576e-01
-7.181456175594960314e+02	4.102832732242565061e-01
-7.181122845119625708e+02	4.196110662203055841e-01
-7.180789514644291103e+02	4.253681803303824283e-01
-7.180456184168956497e+02	4.269042188642981905e-01
-7.180122853693623028e+02	4.234430418628750692e-01
-7.179789523218288423e+02	4.142901685058472117e-01
-7.179456192742953817e+02	3.985227894304241292e-01
-7.179122862267619212e+02	3.750592846383993817e-01
-7.178789531792284606e+02	3.425268431722917062e-01
-7.178456201316951137e+02	2.992691062986986839e-01
-7.178122870841616532e+02	2.433142371762841705e-01
-7.177789540366281926e+02	1.721099980606047575e-01
-7.177456209890947321e+02	8.273849169960602323e-02
-7.177122879415612715e+02	-2.809117787710609451e-02
-7.176789548940278110e+02	-1.640314222207466810e-01
-7.176456218464944641e+02	-3.287112423437154596e-01
-7.176122887989610035e+02	-5.253891032303642517e-01
-7.175789557514275430e+02	-7.563957686799254176e-01
-7.175456227038940824e+02	-1.022407507139113658e+00
-7.175122896563606218e+02	-1.321693986489901995e+00
-7.174789566088271613e+02	-1.649531157918536772e+00
-7.174456235612938144e+02	-1.997437051857749335e+00
-7.174122905137603539e+02	-2.352904298534890248e+00
-7.173789574662268933e+02	-2.698551110759834337e+00
-7.173456244186934327e+02	-3.012588459140089991e+00
-7.173122913711599722e+02	-3.268838784727388536e+00
-7.172789583236265116e+02	-3.438556769644149469e+00
-7.172456252760931648e+02	-3.492127589982160885e+00
-7.172122922285597042e+02	-3.402980981822027573e+00
-7.171789591810262436e+02	-3.150683264716371390e+00
-7.171456261334927831e+02	-2.725008003266046863e+00
-7.171122930859593225e+02	-2.129168593055238201e+00
-7.170789600384259757e+02	-1.380960120758073284e+00
-7.170456269908925151e+02	-5.132222783136529687e-01
-7.170122939433590545e+02	4.292528221126003518e-01
-7.169789608958255940e+02	1.392254076811943575e+00
-7.169456278482921334e+02	2.317646833224483061e+00
-7.169122948007586729e+02	3.145846897242464912e+00
-7.168789617532252123e+02	3.820715981406826778e+00
-7.168456287056918654e+02	4.291809215337957006e+00
-7.168122956581584049e+02	4.521952506996004928e+00
-7.167789626106249443e+02	4.494924009780782548e+00
-7.167456295630914838e+02	4.222971379830288363e+00
-7.167122965155580232e+02	3.747719868287019196e+00
-7.166789634680246763e+02	3.133351166934212451e+00
-7.166456304204912158e+02	2.454795946232601001e+00
-7.166122973729577552e+02	1.783470652992754868e+00
-7.165789643254242947e+02	1.177738356484525628e+00
-7.165456312778908341e+02	6.764085502565021502e-01
-7.165122982303573735e+02	2.980777878708895101e-01
-7.164789651828240267e+02	4.168822515652916005e-02
-7.164456321352905661e+02	-1.103134623119276236e-01
-7.164122990877571056e+02	-1.875220818511056931e-01
-7.163789660402236450e+02	-2.233497798930991762e-01
-7.163456329926901844e+02	-2.478096791080210137e-01
-7.163122999451567239e+02	-2.810114182530343840e-01
-7.162789668976233770e+02	-3.302215222303018227e-01
-7.162456338500899165e+02	-3.907858761533327674e-01
-7.162123008025564559e+02	-4.499441646227915759e-01
-7.161789677550229953e+02	-4.929087868469206324e-01
-7.161456347074895348e+02	-5.094811401114055505e-01
-7.161123016599560742e+02	-4.976327572654694609e-01
-7.160789686124227273e+02	-4.648116043842929757e-01
-7.160456355648892668e+02	-4.251427699492197343e-01
-7.160123025173558062e+02	-3.946647405715975054e-01
-7.159789694698223457e+02	-3.856486807505277170e-01
-7.159456364222888851e+02	-4.020756299157913216e-01
-7.159123033747555382e+02	-4.381627519619472610e-01
-7.158789703272220777e+02	-4.803407272929930416e-01
-7.158456372796886171e+02	-5.118644830971166293e-01
-7.158123042321551566e+02	-5.186596157950654762e-01
-7.157789711846216960e+02	-4.941701969968730901e-01
-7.157456381370882355e+02	-4.412856813189715566e-01
-7.157123050895547749e+02	-3.709472825865335333e-01
-7.156789720420214280e+02	-2.978829250587981536e-01
-7.156456389944879675e+02	-2.352686253891105583e-01
-7.156123059469545069e+02	-1.899164961825270670e-01
-7.155789728994210463e+02	-1.609504732928294379e-01
-7.155456398518875858e+02	-1.410636274435139170e-01
-7.155123068043542389e+02	-1.209004521678828936e-01
-7.154789737568207784e+02	-9.359628151228605031e-02
-7.154456407092873178e+02	-5.826777972251729470e-02
-7.154123076617538572e+02	-2.037315202367235428e-02
-7.153789746142203967e+02	1.080654321388855969e-02
-7.153456415666869361e+02	2.693601092450351869e-02
-7.153123085191535893e+02	2.455107838796095551e-02
-7.152789754716201287e+02	7.447214658358200165e-03
-7.152456424240866681e+02	-1.464745753860907489e-02
-7.152123093765532076e+02	-3.010028559353779623e-02
-7.151789763290197470e+02	-3.017773765210263193e-02
-7.151456432814862865e+02	-1.295682249232849546e-02
-7.151123102339529396e+02	1.610965334101718827e-02
-7.150789771864194790e+02	4.675215750285925675e-02
-7.150456441388860185e+02	6.851575031815419770e-02
-7.150123110913525579e+02	7.513515793215136407e-02
-7.149789780438190974e+02	6.685040953114308737e-02
-7.149456449962856368e+02	4.962781042977596618e-02
-7.149123119487522899e+02	3.162486435261217116e-02
-7.148789789012188294e+02	1.937379874386090106e-02
-7.148456458536853688e+02	1.469981779044905387e-02
-7.148123128061519083e+02	1.473833408388905419e-02
-7.147789797586184477e+02	1.413928150441061057e-02
-7.147456467110851008e+02	8.553743673614023005e-03
-7.147123136635516403e+02	-2.880983027031104940e-03
-7.146789806160181797e+02	-1.699287045650344635e-02
-7.146456475684847192e+02	-2.854819456485388832e-02
-7.146123145209512586e+02	-3.311367369305609487e-02
-7.145789814734177980e+02	-2.950772517843931395e-02
-7.145456484258843375e+02	-2.061958650564201315e-02
-7.145123153783509906e+02	-1.161228898534464281e-02
-7.144789823308175301e+02	-7.483566110935966666e-03
-7.144456492832840695e+02	-1.041055750256131285e-02
-7.144123162357506089e+02	-1.916276985559014004e-02
-7.143789831882171484e+02	-2.968654959166018917e-02
-7.143456501406838015e+02	-3.754857883723564105e-02
-7.143123170931503410e+02	-3.989658295233159541e-02
-7.142789840456168804e+02	-3.668107202703377312e-02
-7.142456509980834198e+02	-3.016732653059084335e-02
-7.142123179505499593e+02	-2.339816438158484266e-02
-7.141789849030164987e+02	-1.852572582487111569e-02
-7.141456518554831518e+02	-1.604109978484099044e-02
-7.141123188079496913e+02	-1.466766018790927398e-02
-7.140789857604162307e+02	-1.258216929988323525e-02
-7.140456527128827702e+02	-8.266615012002587887e-03
-7.140123196653493096e+02	-1.329021990662328538e-03
-7.139789866178158491e+02	7.274976464275233548e-03
-7.139456535702825022e+02	1.588382280489123236e-02
-7.139123205227490416e+02	2.288595045231818850e-02
-7.138789874752155811e+02	2.734994536051384151e-02
-7.138456544276821205e+02	2.936033120324268997e-02
-7.138123213801486600e+02	3.006363870094763691e-02
-7.137789883326151994e+02	3.089757855487137994e-02
-7.137456552850818525e+02	3.287469119335686973e-02
-7.137123222375483920e+02	3.576695464686120013e-02
-7.136789891900149314e+02	3.816934818581528555e-02
-7.136456561424814709e+02	3.800933569743884105e-02
-7.136123230949480103e+02	3.356559349863804526e-02
-7.135789900474145497e+02	2.473991079825228409e-02
-7.135456569998812029e+02	1.325523329957586406e-02
-7.135123239523477423e+02	2.270141392897103132e-03
-7.134789909048142817e+02	-5.493765312279731867e-03
-7.134456578572808212e+02	-8.818538711364306767e-03
-7.134123248097473606e+02	-8.737204218521069446e-03
-7.133789917622139001e+02	-7.537185727347392450e-03
-7.133456587146805532e+02	-7.523715044622827398e-03
-7.133123256671470926e+02	-9.492571176940991368e-03
-7.132789926196136321e+02	-1.250755604265027174e-02
-7.132456595720801715e+02	-1.462949354399634139e-02
-7.132123265245467110e+02	-1.460076076947814869e-02
-7.131789934770133641e+02	-1.282217327533310622e-02
-7.131456604294799035e+02	-1.105552971293324339e-02
-7.131123273819464430e+02	-1.127616701540287182e-02
-7.130789943344129824e+02	-1.414599829033841814e-02
-7.130456612868795219e+02	-1.850520314894257140e-02
-7.130123282393460613e+02	-2.185496660071952271e-02
-7.129789951918127144e+02	-2.197813648648659982e-02
-7.129456621442792539e+02	-1.813920601579138356e-02
-7.129123290967457933e+02	-1.144158290818270314e-02
-7.128789960492123328e+02	-3.969427122486944397e-03
-7.128456630016788722e+02	2.500999742428937182e-03
-7.128123299541454116e+02	7.150158526343822901e-03
-7.127789969066120648e+02	1.028364094478161073e-02
-7.127456638590786042e+02	1.276202989695959279e-02
-7.127123308115451437e+02	1.518583977897005124e-02
-7.126789977640116831e+02	1.762604250906531569e-02
-7.126456647164782225e+02	1.974572322881590347e-02
-7.126123316689447620e+02	2.117577392421810326e-02
-7.125789986214114151e+02	2.162246426348576542e-02
-7.125456655738779546e+02	2.114434545831334056e-02
-7.125123325263444940e+02	1.968304508764150834e-02
-7.124789994788110334e+02	1.759851251568013766e-02
-7.124456664312775729e+02	1.524852139540060214e-02
-7.124123333837441123e+02	1.307346940080281877e-02
-7.123790003362107655e+02	1.122792086701500901e-02
-7.123456672886773049e+02	9.485343250601442622e-03
-7.123123342411438443e+02	7.293604962685225346e-03
-7.122790011936103838e+02	4.159214557835140547e-03
-7.122456681460769232e+02	5.143554903225998820e-05
-7.122123350985434627e+02	-4.253762477884452838e-03
-7.121790020510101158e+02	-7.752583290147643282e-03
-7.121456690034766552e+02	-9.771390405016911959e-03
-7.121123359559431947e+02	-1.056605659392450235e-02
-7.120790029084097341e+02	-1.102253765478111193e-02
-7.120456698608762736e+02	-1.223806869562583423e-02
-7.120123368133429267e+02	-1.473316073702929212e-02
-7.119790037658094661e+02	-1.815545434018821583e-02
-7.119456707182760056e+02	-2.153896713784162614e-02
-7.119123376707425450e+02	-2.399927921830623603e-02
-7.118790046232090845e+02	-2.525919315738839321e-02
-7.118456715756756239e+02	-2.546249638545295541e-02
-7.118123385281422770e+02	-2.496824029970786535e-02
-7.117790054806088165e+02	-2.402771875792172884e-02
-7.117456724330753559e+02	-2.262587375047726140e-02
-7.117123393855418954e+02	-2.059179584025983348e-02
-7.116790063380084348e+02	-1.772510291993724396e-02
-7.116456732904749742e+02	-1.407076772931260128e-02
-7.116123402429416274e+02	-9.789023260723461045e-03
-7.115790071954081668e+02	-5.335331778340565191e-03
-7.115456741478747063e+02	-1.254500240804526465e-03
-7.115123411003412457e+02	1.701012318330563742e-03
-7.114790080528077851e+02	2.981706848676368531e-03
-7.114456750052743246e+02	2.586077636684864112e-03
-7.114123419577409777e+02	1.290611258936078193e-03
-7.113790089102075171e+02	3.062804351297176189e-05
-7.113456758626740566e+02	-4.346185251018719830e-04
-7.113123428151405960e+02	1.779666902131516576e-04
-7.112790097676071355e+02	1.278910719807661465e-03
-7.112456767200736749e+02	2.340407062605477737e-03
-7.112123436725403280e+02	3.011912620840384146e-03
-7.111790106250068675e+02	3.418667523928184057e-03
-7.111456775774734069e+02	3.887033151412582800e-03
-7.111123445299399464e+02	4.562934749662368901e-03
-7.110790114824064858e+02	5.222620061663505765e-03
-7.110456784348730253e+02	5.510473797034744735e-03
-7.110123453873396784e+02	5.102161895113154627e-03
-7.109790123398062178e+02	3.967069174449532228e-03
-7.109456792922727573e+02	2.148635900797397913e-03
-7.109123462447392967e+02	4.532790936100036816e-05
-7.108790131972058361e+02	-1.919557849670153584e-03
-7.108456801496724893e+02	-3.120667966754617044e-03
-7.108123471021390287e+02	-3.030037156678148502e-03
-7.107790140546055682e+02	-1.557787093937233356e-03
-7.107456810070721076e+02	9.260659792259179129e-04
-7.107123479595386470e+02	3.686805568153341244e-03
-7.106790149120051865e+02	6.127239520593170605e-03
-7.106456818644718396e+02	7.997653304813695518e-03
-7.106123488169383791e+02	9.511556318261494419e-03
-7.105790157694049185e+02	1.100261569283532935e-02
-7.105456827218714579e+02	1.252032864704414467e-02
-7.105123496743379974e+02	1.377504633139074036e-02
-7.104790166268045368e+02	1.441659980277129258e-02
-7.104456835792711900e+02	1.441346193070583252e-02
-7.104123505317377294e+02	1.401656507675644141e-02
-7.103790174842042688e+02	1.354323691734701102e-02
-7.103456844366708083e+02	1.323808290665826927e-02
-7.103123513891373477e+02	1.306753290421376959e-02
-7.102790183416038872e+02	1.296485405789670441e-02
-7.102456852940705403e+02	1.288344753342292315e-02
-7.102123522465370797e+02	1.276121596967296976e-02
-7.101790191990036192e+02	1.247611828183838381e-02
-7.101456861514701586e+02	1.174245422796559371e-02
-7.101123531039366981e+02	1.059269688550240791e-02
-7.100790200564032375e+02	9.261127564547253638e-03
-7.100456870088698906e+02	8.230948371651874290e-03
-7.100123539613364301e+02	7.808042359954895165e-03
-7.099790209138029695e+02	7.869759222711802601e-03
-7.099456878662695090e+02	7.936895691914898007e-03
-7.099123548187360484e+02	7.620711965655144020e-03
-7.098790217712025878e+02	6.814888383767700626e-03
-7.098456887236692410e+02	5.620287319506454132e-03
-7.098123556761357804e+02	4.285241974193339243e-03
-7.097790226286023199e+02	2.738894032925594940e-03
-7.097456895810688593e+02	8.956790551867310811e-04
-7.097123565335353987e+02	-1.336270334323947729e-03
-7.096790234860020519e+02	-3.759474507216736122e-03
-7.096456904384685913e+02	-6.017811479331431831e-03
-7.096123573909351308e+02	-7.943990156715808465e-03
-7.095790243434016702e+02	-9.572985033064303900e-03
-7.095456912958682096e+02	-1.092871146664390995e-02
-7.095123582483347491e+02	-1.188492348039592653e-02
-7.094790252008012885e+02	-1.233115117190397222e-02
-7.094456921532679416e+02	-1.229266396601724765e-02
-7.094123591057344811e+02	-1.215682863203656865e-02
-7.093790260582010205e+02	-1.233605772085566259e-02
-7.093456930106675600e+02	-1.309479600964791150e-02
-7.093123599631340994e+02	-1.434224611825937398e-02
-7.092790269156007525e+02	-1.562753381717311985e-02
-7.092456938680672920e+02	-1.664768595287201627e-02
-7.092123608205338314e+02	-1.730989896917818627e-02
-7.091790277730003709e+02	-1.770873094755442620e-02
-7.091456947254669103e+02	-1.779463005685118226e-02
-7.091123616779334498e+02	-1.751339105261646989e-02
-7.090790286304001029e+02	-1.661884257555544184e-02
-7.090456955828666423e+02	-1.526366379799676092e-02
-7.090123625353331818e+02	-1.354020448280134070e-02
-7.089790294877997212e+02	-1.145022248072115334e-02
-7.089456964402662607e+02	-8.932433829335607173e-03
-7.089123633927328001e+02	-5.925401154066780446e-03
-7.088790303451994532e+02	-2.411911323553197779e-03
-7.088456972976659927e+02	1.328405157493392627e-03
-7.088123642501325321e+02	5.049602541719656369e-03
-7.087790312025990715e+02	8.637424732209013356e-03
-7.087456981550656110e+02	1.231549643131190849e-02
-7.087123651075321504e+02	1.615827069801248003e-02
-7.086790320599988036e+02	2.006319207560966489e-02
-7.086456990124653430e+02	2.371128640050110259e-02
-7.086123659649318824e+02	2.670661498822478330e-02
-7.085790329173984219e+02	2.888916834926504723e-02
-7.085456998698649613e+02	3.009427824580229033e-02
-7.085123668223316145e+02	3.025577924677015640e-02
-7.084790337747981539e+02	2.948236097085187024e-02
-7.084457007272646933e+02	2.797040004342535996e-02
-7.084123676797312328e+02	2.599563427207176453e-02
-7.083790346321977722e+02	2.374744703388658590e-02
-7.083457015846643117e+02	2.126552745534670066e-02
-7.083123685371308511e+02	1.850539761000130623e-02
-7.082790354895975042e+02	1.528474866037973084e-02
-7.082457024420640437e+02	1.163243470342404523e-02
-7.082123693945305831e+02	7.619349601001207221e-03
-7.081790363469971226e+02	3.440688674194277135e-03
-7.081457032994636620e+02	-9.441026503210428336e-04
-7.081123702519303151e+02	-5.550526707292343688e-03
-7.080790372043968546e+02	-1.037894953964441438e-02
-7.080457041568633940e+02	-1.535792292840089043e-02
-7.080123711093299335e+02	-2.011288222562396255e-02
-7.079790380617964729e+02	-2.417625014342121570e-02
-7.079457050142630123e+02	-2.709067302187524034e-02
-7.079123719667296655e+02	-2.847802330016080408e-02
-7.078790389191962049e+02	-2.806400515425013301e-02
-7.078457058716627444e+02	-2.591294471900929333e-02
-7.078123728241292838e+02	-2.237394582123840639e-02
-7.077790397765958232e+02	-1.786362537937409220e-02
-7.077457067290623627e+02	-1.293436098096642506e-02
-7.077123736815290158e+02	-8.058569477656245955e-03
-7.076790406339955553e+02	-3.441084497694411361e-03
-7.076457075864620947e+02	7.322863728382031975e-04
-7.076123745389286341e+02	4.271042571626667075e-03
-7.075790414913951736e+02	6.943700845661334060e-03
-7.075457084438617130e+02	8.689451792481435455e-03
-7.075123753963283662e+02	9.487470227556962440e-03
-7.074790423487949056e+02	9.496602843412998984e-03
-7.074457093012614450e+02	8.987035336022039175e-03
-7.074123762537279845e+02	8.181956738619737199e-03
-7.073790432061945239e+02	7.301036523012946651e-03
-7.073457101586611770e+02	6.537874772373954667e-03
-7.073123771111277165e+02	5.864185316593386980e-03
-7.072790440635942559e+02	5.340208505037671340e-03
-7.072457110160607954e+02	4.957550622138576571e-03
-7.072123779685273348e+02	4.809525064238365753e-03
-7.071790449209938743e+02	4.898890613198670155e-03
-7.071457118734604137e+02	5.254926349959290754e-03
-7.071123788259270668e+02	5.840099934109607011e-03
-7.070790457783936063e+02	6.430918907523902259e-03
-7.070457127308601457e+02	6.769765119119502093e-03
-7.070123796833266852e+02	6.584991915991273391e-03
-7.069790466357932246e+02	5.724119332018636278e-03
-7.069457135882598777e+02	4.264752034152469173e-03
-7.069123805407264172e+02	2.413059199325909027e-03
-7.068790474931929566e+02	5.686562757456277862e-04
-7.068457144456594961e+02	-9.407445123085354148e-04
-7.068123813981260355e+02	-1.967574763383992016e-03
-7.067790483505925749e+02	-2.520477874169512085e-03
-7.067457153030592281e+02	-2.671715373725652709e-03
-7.067123822555257675e+02	-2.520650669219316395e-03
-7.066790492079923069e+02	-2.228936843118543669e-03
-7.066457161604588464e+02	-1.911336740754502684e-03
-7.066123831129253858e+02	-1.638472211878293965e-03
-7.065790500653919253e+02	-1.444293622966687273e-03
-7.065457170178585784e+02	-1.152507072869478127e-03
-7.065123839703251178e+02	-7.145071084901005514e-04
-7.064790509227916573e+02	-9.451652249774103801e-05
-7.064457178752581967e+02	6.742421372174684261e-04
-7.064123848277247362e+02	1.449899508115344224e-03
-7.063790517801912756e+02	2.077442862417263128e-03
-7.063457187326579287e+02	2.397093389134970220e-03
-7.063123856851244682e+02	2.259923749897660081e-03
-7.062790526375910076e+02	1.683608118082812691e-03
-7.062457195900575471e+02	8.168288247234290009e-04
-7.062123865425240865e+02	1.902691470305108580e-05
-7.061790534949907396e+02	-3.213045782069742285e-04
-7.061457204474572791e+02	6.011465348862022592e-05
-7.061123873999238185e+02	1.132339520803720030e-03
-7.060790543523903580e+02	2.672941558692132347e-03
-7.060457213048568974e+02	4.314932140607994487e-03
-7.060123882573234368e+02	5.602610849255037009e-03
-7.059790552097899763e+02	6.208736392837848478e-03
-7.059457221622566294e+02	6.127367688714122074e-03
-7.059123891147231689e+02	5.501677264589065891e-03
-7.058790560671897083e+02	4.804452308769094349e-03
-7.058457230196562477e+02	4.348343753148771820e-03
-7.058123899721227872e+02	4.375874496701460427e-03
-7.057790569245894403e+02	4.810506157906019840e-03
-7.057457238770559798e+02	5.391519175268829830e-03
-7.057123908295225192e+02	5.917046409815498835e-03
-7.056790577819890586e+02	6.183497592928801148e-03
-7.056457247344555981e+02	6.322973520950611603e-03
-7.056123916869221375e+02	6.319226895303472688e-03
-7.055790586393887907e+02	6.359557306318177478e-03
-7.055457255918553301e+02	6.448294863491289136e-03
-7.055123925443218695e+02	6.663841453312086861e-03
-7.054790594967884090e+02	6.755430404783470399e-03
-7.054457264492549484e+02	6.472182490503827594e-03
-7.054123934017214879e+02	5.661951243119524649e-03
-7.053790603541881410e+02	4.445460019320580762e-03
-7.053457273066546804e+02	3.048497456813700421e-03
-7.053123942591212199e+02	1.790663294234909504e-03
-7.052790612115877593e+02	9.032523050884064741e-04
-7.052457281640542988e+02	4.593217290591261148e-04
-7.052123951165208382e+02	3.490834149630673579e-04
-7.051790620689874913e+02	3.589448158069345773e-04
-7.051457290214540308e+02	2.777901065733378097e-04
-7.051123959739205702e+02	9.245650475998143914e-06
-7.050790629263871097e+02	-3.375205554101964661e-04
-7.050457298788536491e+02	-6.641974096778554930e-04
-7.050123968313201885e+02	-7.659586354589194941e-04
-7.049790637837868417e+02	-4.639803484290075017e-04
-7.049457307362533811e+02	1.316129468729867558e-04
-7.049123976887199206e+02	9.031570703901462124e-04
-7.048790646411864600e+02	1.713689924767473980e-03
-7.048457315936529994e+02	2.494124818080837355e-03
-7.048123985461195389e+02	3.406470322002043936e-03
-7.047790654985861920e+02	4.382156575439095578e-03
-7.047457324510527314e+02	5.545741302521257909e-03
-7.047123994035192709e+02	6.790998984181360019e-03
-7.046790663559858103e+02	8.075621277967319142e-03
-7.046457333084523498e+02	9.108604484408934152e-03
-7.046124002609190029e+02	9.737560448207433980e-03
-7.045790672133855423e+02	9.890437884594323326e-03
-7.045457341658520818e+02	9.638562898052129013e-03
-7.045124011183186212e+02	9.210851586258445370e-03
-7.044790680707851607e+02	8.757571060801454602e-03
-7.044457350232517001e+02	8.451249002082546896e-03
-7.044124019757183532e+02	8.309385333275043709e-03
-7.043790689281848927e+02	8.201182185099598412e-03
-7.043457358806514321e+02	8.039645462503368714e-03
-7.043124028331179716e+02	7.579394981805223641e-03
-7.042790697855845110e+02	6.877400961542777351e-03
-7.042457367380510505e+02	5.783109442616783322e-03
-7.042124036905177036e+02	4.406726787451033765e-03
-7.041790706429842430e+02	2.856213998429618737e-03
-7.041457375954507825e+02	1.160607552833229413e-03
-7.041124045479173219e+02	-6.503784207798794315e-04
-7.040790715003838613e+02	-2.511017878572145961e-03
-7.040457384528504008e+02	-4.428093841834927422e-03
-7.040124054053170539e+02	-6.349560832331705047e-03
-7.039790723577835934e+02	-8.222181395493894859e-03
-7.039457393102501328e+02	-9.884726544280223251e-03
-7.039124062627166722e+02	-1.114821640727875485e-02
-7.038790732151832117e+02	-1.196111204886936633e-02
-7.038457401676497511e+02	-1.231154098135264253e-02
-7.038124071201164043e+02	-1.235018725741185430e-02
-7.037790740725829437e+02	-1.223714793846275399e-02
-7.037457410250494831e+02	-1.217851047510508031e-02
-7.037124079775160226e+02	-1.215350619311446681e-02
-7.036790749299825620e+02	-1.213398707859988934e-02
-7.036457418824491015e+02	-1.196137962670490440e-02
-7.036124088349157546e+02	-1.158396881038093601e-02
-7.035790757873822940e+02	-1.104418375249205213e-02
-7.035457427398488335e+02	-1.038620866048853460e-02
-7.035124096923153729e+02	-9.775748345133767822e-03
-7.034790766447819124e+02	-9.255209620516261990e-03
-7.034457435972485655e+02	-8.877647052467161487e-03
-7.034124105497151049e+02	-8.614082161360590156e-03
-7.033790775021816444e+02	-8.309839665912994305e-03
-7.033457444546481838e+02	-8.072780850829802332e-03
-7.033124114071147233e+02	-7.852449721735897670e-03
-7.032790783595812627e+02	-7.860562045893880467e-03
-7.032457453120479158e+02	-8.105426625526015311e-03
-7.032124122645144553e+02	-8.590560132261268467e-03
-7.031790792169809947e+02	-9.248765930363276808e-03
-7.031457461694475342e+02	-9.877804184409141181e-03
-7.031124131219140736e+02	-1.034032739488265421e-02
-7.030790800743806130e+02	-1.061510426425642944e-02
-7.030457470268472662e+02	-1.074475971311622362e-02
-7.030124139793138056e+02	-1.082075992272145751e-02
-7.029790809317803451e+02	-1.088708445997853790e-02
-7.029457478842468845e+02	-1.100109883631373783e-02
-7.029124148367134239e+02	-1.108964761581538241e-02
-7.028790817891799634e+02	-1.115701824576232314e-02
-7.028457487416466165e+02	-1.117744442187684588e-02
-7.028124156941131560e+02	-1.109317056248919006e-02
-7.027790826465796954e+02	-1.088089913173387324e-02
-7.027457495990462348e+02	-1.047838569554062835e-02
-7.027124165515127743e+02	-9.866593898257726772e-03
-7.026790835039793137e+02	-9.060811029960395488e-03
-7.026457504564459668e+02	-8.101906334634808443e-03
-7.026124174089125063e+02	-7.122401952599878745e-03
-7.025790843613790457e+02	-6.136053889020555777e-03
-7.025457513138455852e+02	-5.268553200349400736e-03
-7.025124182663121246e+02	-4.587083020920198345e-03
-7.024790852187786641e+02	-4.041107490159341446e-03
-7.024457521712453172e+02	-3.661932359323091801e-03
-7.024124191237118566e+02	-3.414423245322073617e-03
-7.023790860761783961e+02	-3.249532986527887447e-03
-7.023457530286449355e+02	-3.058473915867951712e-03
-7.023124199811114750e+02	-2.779312011203402284e-03
-7.022790869335781281e+02	-2.311989373588885493e-03
-7.022457538860446675e+02	-1.580801205134043166e-03
-7.022124208385112070e+02	-6.027697748854767088e-04
-7.021790877909777464e+02	5.977764044584342506e-04
-7.021457547434442859e+02	2.023942277676659372e-03
-7.021124216959108253e+02	3.502637670645805234e-03
-7.020790886483774784e+02	5.098703102930860452e-03
-7.020457556008440179e+02	6.725293309009809303e-03
-7.020124225533105573e+02	8.346750605261321967e-03
-7.019790895057770967e+02	9.953496769783215514e-03
-7.019457564582436362e+02	1.158335311290428250e-02
-7.019124234107101756e+02	1.318865832721615762e-02
-7.018790903631768288e+02	1.479914833426188708e-02
-7.018457573156433682e+02	1.633173373967320222e-02
-7.018124242681099076e+02	1.794294777051333792e-02
-7.017790912205764471e+02	1.949038634023009947e-02
-7.017457581730429865e+02	2.094373455086519578e-02
-7.017124251255095260e+02	2.226340287855380767e-02
-7.016790920779761791e+02	2.336392460211042868e-02
-7.016457590304427185e+02	2.417551800279826857e-02
-7.016124259829092580e+02	2.465602925181922117e-02
-7.015790929353757974e+02	2.476086422317946845e-02
-7.015457598878423369e+02	2.459809357495800972e-02
-7.015124268403088763e+02	2.414381872217854011e-02
-7.014790937927755294e+02	2.347582984220331417e-02
-7.014457607452420689e+02	2.273460211596381106e-02
-7.014124276977086083e+02	2.183678236310528792e-02
-7.013790946501751478e+02	2.091006707669892245e-02
-7.013457616026416872e+02	1.994997239854793061e-02
-7.013124285551082266e+02	1.897372018394067120e-02
-7.012790955075748798e+02	1.802174682683693047e-02
-7.012457624600414192e+02	1.707117676683389887e-02
-7.012124294125079587e+02	1.612878108765007298e-02
-7.011790963649744981e+02	1.511118620521611361e-02
-7.011457633174410375e+02	1.403490414381309941e-02
-7.011124302699076907e+02	1.288033732902328470e-02
-7.010790972223742301e+02	1.159821845465613607e-02
-7.010457641748407696e+02	1.019985921381520375e-02
-7.010124311273073090e+02	8.665433377872996945e-03
-7.009790980797738484e+02	7.033550410894451668e-03
-7.009457650322403879e+02	5.345200982873795845e-03
-7.009124319847069273e+02	3.618940608689893371e-03
-7.008790989371735805e+02	1.923582599526440715e-03
-7.008457658896401199e+02	2.626869837973161664e-04
-7.008124328421066593e+02	-1.392242676283152875e-03
-7.007790997945731988e+02	-2.934018292511083974e-03
-7.007457667470397382e+02	-4.394350332146766680e-03
-7.007124336995063913e+02	-5.693181963025697664e-03
-7.006791006519729308e+02	-6.818002650511805103e-03
-7.006457676044394702e+02	-7.801069783807108513e-03
-7.006124345569060097e+02	-8.573869836367620581e-03
-7.005791015093725491e+02	-9.117232037131391131e-03
-7.005457684618390886e+02	-9.411446564016623731e-03
-7.005124354143057417e+02	-9.511938832173532504e-03
-7.004791023667722811e+02	-9.381029726797236040e-03
-7.004457693192388206e+02	-9.085246370310998826e-03
-7.004124362717053600e+02	-8.653810630266083742e-03
-7.003791032241718995e+02	-8.185265182402355968e-03
-7.003457701766384389e+02	-7.720492935911420218e-03
-7.003124371291050920e+02	-7.253579061757360960e-03
-7.002791040815716315e+02	-6.820514637259121951e-03
-7.002457710340381709e+02	-6.395436726386041597e-03
-7.002124379865047104e+02	-6.015316219380335665e-03
-7.001791049389712498e+02	-5.582413752796151415e-03
-7.001457718914377892e+02	-5.129554524232567657e-03
-7.001124388439044424e+02	-4.613927370419310982e-03
-7.000791057963709818e+02	-4.074734393681684469e-03
-7.000457727488375212e+02	-3.535640525320428700e-03
-7.000124397013040607e+02	-3.067984320659589755e-03
-6.999791066537706001e+02	-2.658833878456176494e-03
-6.999457736062372533e+02	-2.393301747816209153e-03
-6.999124405587037927e+02	-2.239700334305109487e-03
-6.998791075111703321e+02	-2.189610743634458952e-03
-6.998457744636368716e+02	-2.229550587143728016e-03
-6.998124414161034110e+02	-2.371880808139412850e-03
-6.997791083685699505e+02	-2.556394397836286511e-03
-6.997457753210364899e+02	-2.692675258222037345e-03
-6.997124422735031430e+02	-2.893584875122669903e-03
-6.996791092259696825e+02	-2.989650914705651013e-03
-6.996457761784362219e+02	-3.047809376125448343e-03
-6.996124431309027614e+02	-3.058207097240620790e-03
-6.995791100833693008e+02	-3.045967333815025654e-03
-6.995457770358359539e+02	-3.026025388597770177e-03
-6.995124439883024934e+02	-3.015470383864246942e-03
-6.994791109407690328e+02	-3.043919034834577028e-03
-6.994457778932355723e+02	-3.123015999582502093e-03
-6.994124448457021117e+02	-3.272841258206783937e-03
-6.993791117981686511e+02	-3.449959516605008610e-03
-6.993457787506353043e+02	-3.578617293493873384e-03
-6.993124457031018437e+02	-3.704877422177784135e-03
-6.992791126555683832e+02	-3.806651992616465023e-03
-6.992457796080349226e+02	-3.815012124754955068e-03
-6.992124465605014620e+02	-3.739526481440452136e-03
-6.991791135129680015e+02	-3.605814207875257527e-03
-6.991457804654346546e+02	-3.457099334628239984e-03
-6.991124474179011941e+02	-3.236594335275959529e-03
-6.990791143703677335e+02	-3.009478233641783330e-03
-6.990457813228342729e+02	-2.862960001903849371e-03
-6.990124482753008124e+02	-2.709430005018070679e-03
-6.989791152277673518e+02	-2.581922126519278510e-03
-6.989457821802340050e+02	-2.453178921426270222e-03
-6.989124491327005444e+02	-2.277261116981569872e-03
-6.988791160851670838e+02	-2.075034569835642988e-03
-6.988457830376336233e+02	-1.825336626544848007e-03
-6.988124499901001627e+02	-1.462666458172701654e-03
-6.987791169425668159e+02	-9.972404296410203924e-04
-6.987457838950333553e+02	-4.888603105238615394e-04
-6.987124508474998947e+02	8.557277736782978881e-05
-6.986791177999664342e+02	6.482586600527352055e-04
-6.986457847524329736e+02	1.199018588110024267e-03
-6.986124517048995131e+02	1.665276379219739417e-03
-6.985791186573660525e+02	2.058296614912323574e-03
-6.985457856098327056e+02	2.379570093460325539e-03
-6.985124525622992451e+02	2.664875420468938456e-03
-6.984791195147657845e+02	2.859607130331740313e-03
-6.984457864672323240e+02	3.104936208516717762e-03
-6.984124534196988634e+02	3.353556339225605230e-03
-6.983791203721655165e+02	3.627990220447029762e-03
-6.983457873246320560e+02	3.898539529859616163e-03
-6.983124542770985954e+02	4.190812808469220746e-03
-6.982791212295651349e+02	4.450124707245899612e-03
-6.982457881820316743e+02	4.647436861161021414e-03
-6.982124551344982137e+02	4.731012179166713301e-03
-6.981791220869648669e+02	4.716121268555764634e-03
-6.981457890394314063e+02	4.616480012559688595e-03
-6.981124559918979458e+02	4.385430568979733178e-03
-6.980791229443644852e+02	4.098830351687059170e-03
-6.980457898968310246e+02	3.714141795825869844e-03
-6.980124568492975641e+02	3.352529380773096139e-03
-6.979791238017642172e+02	2.937803911772146181e-03
-6.979457907542307566e+02	2.533325785098356452e-03
-6.979124577066972961e+02	2.152477016520762051e-03
-6.978791246591638355e+02	1.778817217701281509e-03
-6.978457916116303750e+02	1.412693093499115806e-03
-6.978124585640969144e+02	1.162152824865375069e-03
-6.977791255165635675e+02	9.176583352075671227e-04
-6.977457924690301070e+02	8.169006724994224301e-04
-6.977124594214966464e+02	7.860756733373943164e-04
-6.976791263739631859e+02	9.033412473045467376e-04
-6.976457933264297253e+02	1.146635585286921374e-03
-6.976124602788963784e+02	1.484287069821185875e-03
-6.975791272313629179e+02	1.837098515032873887e-03
-6.975457941838294573e+02	2.197213427999459602e-03
-6.975124611362959968e+02	2.586366868977922270e-03
-6.974791280887625362e+02	2.946469657524101310e-03
-6.974457950412290757e+02	3.295760867150853736e-03
-6.974124619936956151e+02	3.652779454994261980e-03
-6.973791289461622682e+02	4.039749702329158837e-03
-6.973457958986288077e+02	4.415409231258399930e-03
-6.973124628510953471e+02	4.753747333398699280e-03
-6.972791298035618865e+02	5.063542599687364740e-03
-6.972457967560284260e+02	5.290315688462641358e-03
-6.972124637084950791e+02	5.477353713113744180e-03
-6.971791306609616186e+02	5.569856966956326406e-03
-6.971457976134281580e+02	5.552067586909180917e-03
-6.971124645658946974e+02	5.492092448512278166e-03
-6.970791315183612369e+02	5.324904435090455947e-03
-6.970457984708277763e+02	5.014619568743250953e-03
-6.970124654232944295e+02	4.585483297813332595e-03
-6.969791323757609689e+02	4.001939453310131983e-03
-6.969457993282275083e+02	3.281901933169917469e-03
-6.969124662806940478e+02	2.376363783797022337e-03
-6.968791332331605872e+02	1.379912629734436754e-03
-6.968458001856271267e+02	3.978588875923504868e-04
-6.968124671380937798e+02	-5.672624872005876170e-04
-6.967791340905603192e+02	-1.394137653275995519e-03
-6.967458010430268587e+02	-1.992666825432306849e-03
-6.967124679954933981e+02	-2.379178995204692549e-03
-6.966791349479599376e+02	-2.485072184976030649e-03
-6.966458019004264770e+02	-2.445350302780997104e-03
-6.966124688528931301e+02	-2.204572081325212318e-03
-6.965791358053596696e+02	-1.871306097971414065e-03
-6.965458027578262090e+02	-1.447156279180749055e-03
-6.965124697102927485e+02	-9.797465314020838839e-04
-6.964791366627592879e+02	-5.320324285887901000e-04
-6.964458036152258273e+02	-7.025329091763554191e-05
-6.964124705676924805e+02	3.427457450302234267e-04
-6.963791375201590199e+02	6.226985995023408705e-04
-6.963458044726255594e+02	8.059045964765660297e-04
-6.963124714250920988e+02	8.503142615045901354e-04
-6.962791383775586382e+02	7.901287766602777245e-04
-6.962458053300251777e+02	5.983408663775410460e-04
-6.962124722824918308e+02	3.304409725688311756e-04
-6.961791392349583703e+02	-4.403302319000546814e-05
-6.961458061874249097e+02	-4.920147164593114027e-04
-6.961124731398914491e+02	-1.013934546789039800e-03
-6.960791400923579886e+02	-1.620177843721471366e-03
-6.960458070448246417e+02	-2.315853636773427485e-03
-6.960124739972911811e+02	-3.092039566788292934e-03
-6.959791409497577206e+02	-3.895263192444472188e-03
-6.959458079022242600e+02	-4.652414946445066965e-03
-6.959124748546907995e+02	-5.285936435915041670e-03
-6.958791418071573389e+02	-5.743993249556265598e-03
-6.958458087596239920e+02	-5.958238903131372888e-03
-6.958124757120905315e+02	-5.895429773717745896e-03
-6.957791426645570709e+02	-5.543341001492280498e-03
-6.957458096170236104e+02	-4.836612971182235009e-03
-6.957124765694901498e+02	-3.890696344658358188e-03
-6.956791435219566893e+02	-2.705489934822849496e-03
-6.956458104744233424e+02	-1.341844257527723128e-03
-6.956124774268898818e+02	3.058639287673375152e-05
-6.955791443793564213e+02	1.380765640240691136e-03
-6.955458113318229607e+02	2.600610080256335593e-03
-6.955124782842895002e+02	3.604956780010809287e-03
-6.954791452367560396e+02	4.422934523031937099e-03
-6.954458121892226927e+02	5.057087769580309242e-03
-6.954124791416892322e+02	5.525878612286158967e-03
-6.953791460941557716e+02	5.854479203793397195e-03
-6.953458130466223110e+02	6.113323783922740458e-03
-6.953124799990888505e+02	6.208964110900884806e-03
-6.952791469515553899e+02	6.214450879916138919e-03
-6.952458139040220431e+02	6.118393872465931714e-03
-6.952124808564885825e+02	6.012013446102473617e-03
-6.951791478089551219e+02	5.899599014828066021e-03
-6.951458147614216614e+02	5.803029742172165217e-03
-6.951124817138882008e+02	5.758816803684412358e-03
-6.950791486663547403e+02	5.748333395951748387e-03
-6.950458156188213934e+02	5.737672416077901384e-03
-6.950124825712879328e+02	5.711097982548698701e-03
-6.949791495237544723e+02	5.598526696820271993e-03
-6.949458164762210117e+02	5.480881237861005145e-03
-6.949124834286875512e+02	5.321913189555008139e-03
-6.948791503811542043e+02	5.174346836633923405e-03
-6.948458173336207437e+02	5.047570876399747400e-03
-6.948124842860872832e+02	4.991444310198010770e-03
-6.947791512385538226e+02	5.050645735348125581e-03
-6.947458181910203621e+02	5.061623717693036414e-03
-6.947124851434869015e+02	5.102725997067796178e-03
-6.946791520959535546e+02	5.043072260689727623e-03
-6.946458190484200941e+02	4.839067269007122848e-03
-6.946124860008866335e+02	4.470819508319648534e-03
-6.945791529533531730e+02	4.016497012906036432e-03
-6.945458199058197124e+02	3.490445940941090241e-03
-6.945124868582862518e+02	2.917498492786168348e-03
-6.944791538107529050e+02	2.447116329057846124e-03
-6.944458207632194444e+02	2.009113652417906463e-03
-6.944124877156859839e+02	1.614528711439233103e-03
-6.943791546681525233e+02	1.214687848732444887e-03
-6.943458216206190627e+02	8.441445624756074460e-04
-6.943124885730856022e+02	4.480287679523109554e-04
-6.942791555255522553e+02	1.272030460876918717e-04
-6.942458224780187948e+02	-2.061022320783001806e-04
-6.942124894304853342e+02	-4.304832342269114716e-04
-6.941791563829518736e+02	-5.679039424089882227e-04
-6.941458233354184131e+02	-6.278915673392878498e-04
-6.941124902878849525e+02	-7.004312896966718733e-04
-6.940791572403516057e+02	-7.239539569682191308e-04
-6.940458241928181451e+02	-7.484522930668185709e-04
-6.940124911452846845e+02	-7.242890457392857622e-04
-6.939791580977512240e+02	-6.530585665395498458e-04
-6.939458250502177634e+02	-5.030524756396676607e-04
-6.939124920026843029e+02	-2.287306467715238031e-04
-6.938791589551509560e+02	7.547683306285751445e-05
-6.938458259076174954e+02	4.611437226485713128e-04
-6.938124928600840349e+02	8.195713094342861951e-04
-6.937791598125505743e+02	1.185029088179959849e-03
-6.937458267650171138e+02	1.591546446279721184e-03
-6.937124937174837669e+02	1.944268136530877180e-03
-6.936791606699503063e+02	2.244450732428090230e-03
-6.936458276224168458e+02	2.487047454768918746e-03
-6.936124945748833852e+02	2.678217370583664981e-03
-6.935791615273499247e+02	2.673007087694502081e-03
-6.935458284798164641e+02	2.592563286142621302e-03
-6.935124954322831172e+02	2.403016895802516373e-03
-6.934791623847496567e+02	2.143442348604503948e-03
-6.934458293372161961e+02	1.862646133951797707e-03
-6.934124962896827356e+02	1.566379310174742566e-03
-6.933791632421492750e+02	1.279467686927414968e-03
-6.933458301946158144e+02	1.033632632227709678e-03
-6.933124971470824676e+02	8.229056937630281144e-04
-6.932791640995490070e+02	6.436000785220498963e-04
-6.932458310520155464e+02	5.226705393019326828e-04
-6.932124980044820859e+02	4.076282117384534250e-04
-6.931791649569486253e+02	3.153570304676531905e-04
-6.931458319094151648e+02	2.085438430007641912e-04
-6.931124988618818179e+02	1.219593324525390247e-04
-6.930791658143483573e+02	3.405134333564493147e-05
-6.930458327668148968e+02	-1.335579160558237753e-04
-6.930124997192814362e+02	-2.977327443215972377e-04
-6.929791666717479757e+02	-4.806798450697532393e-04
-6.929458336242145151e+02	-7.033541494805216040e-04
-6.929125005766811682e+02	-9.360736493615666280e-04
-6.928791675291477077e+02	-1.127991795399022968e-03
-6.928458344816142471e+02	-1.270038129751028958e-03
-6.928125014340807866e+02	-1.343316297088166349e-03
-6.927791683865473260e+02	-1.383804488020691113e-03
-6.927458353390138655e+02	-1.340841136306593784e-03
-6.927125022914805186e+02	-1.325749505817354562e-03
-6.926791692439470580e+02	-1.309811890496057453e-03
-6.926458361964135975e+02	-1.344624420125537217e-03
-6.926125031488801369e+02	-1.381863517703259487e-03
-6.925791701013466763e+02	-1.424196256254157619e-03
-6.925458370538133295e+02	-1.387111438607670265e-03
-6.925125040062798689e+02	-1.259094592045761039e-03
-6.924791709587464084e+02	-1.031085026126202274e-03
-6.924458379112129478e+02	-6.538336164530942317e-04
-6.924125048636794872e+02	-2.606914454445053526e-04
-6.923791718161460267e+02	2.058171398159598740e-04
-6.923458387686125661e+02	6.828134473721900709e-04
-6.923125057210792193e+02	1.166012926600091268e-03
-6.922791726735457587e+02	1.647555656316828342e-03
-6.922458396260122981e+02	2.136437214080499133e-03
-6.922125065784788376e+02	2.662464711815341716e-03
-6.921791735309453770e+02	3.176028688757870626e-03
-6.921458404834120302e+02	3.679507567686811018e-03
-6.921125074358785696e+02	4.108636703114216734e-03
-6.920791743883451090e+02	4.461822481092642123e-03
-6.920458413408116485e+02	4.693870144244494981e-03
-6.920125082932781879e+02	4.844923170943744514e-03
-6.919791752457447274e+02	4.907836072586729652e-03
-6.919458421982113805e+02	4.892500921756608688e-03
-6.919125091506779199e+02	4.871717430626193793e-03
-6.918791761031444594e+02	4.786595369855825045e-03
-6.918458430556109988e+02	4.638473569662105410e-03
-6.918125100080775383e+02	4.466540987036663954e-03
-6.917791769605440777e+02	4.294426275389950053e-03
-6.917458439130107308e+02	4.097225393168064424e-03
-6.917125108654772703e+02	3.922564104011912710e-03
-6.916791778179438097e+02	3.744427797059406583e-03
-6.916458447704103492e+02	3.496677641844913708e-03
-6.916125117228768886e+02	3.266198466760023532e-03
-6.915791786753434280e+02	3.055638385988093328e-03
-6.915458456278100812e+02	2.781460067670408695e-03
-6.915125125802766206e+02	2.580774004788598860e-03
-6.914791795327431601e+02	2.397317591456329597e-03
-6.914458464852096995e+02	2.283725406073418718e-03
-6.914125134376762389e+02	2.202684568896011788e-03
-6.913791803901428921e+02	2.105586182588606997e-03
-6.913458473426094315e+02	1.992255860398695500e-03
-6.913125142950759709e+02	1.858314522858802277e-03
-6.912791812475425104e+02	1.685500117829322620e-03
-6.912458482000090498e+02	1.495488047805588810e-03
-6.912125151524755893e+02	1.264532344029202547e-03
-6.911791821049421287e+02	1.078780569114068909e-03
-6.911458490574087818e+02	9.340795439529452808e-04
-6.911125160098753213e+02	8.927939374465197319e-04
-6.910791829623418607e+02	9.387492245760445083e-04
-6.910458499148084002e+02	1.103196787836224074e-03
-6.910125168672749396e+02	1.294293607030642945e-03
-6.909791838197415927e+02	1.520136195079602919e-03
-6.909458507722081322e+02	1.757281875197457986e-03
-6.909125177246746716e+02	1.943747922679629541e-03
-6.908791846771412111e+02	2.074700638719773754e-03
-6.908458516296077505e+02	2.194431092534355771e-03
-6.908125185820742900e+02	2.276114743909690014e-03
-6.907791855345409431e+02	2.366208414322552248e-03
-6.907458524870074825e+02	2.455822004202943415e-03
-6.907125194394740220e+02	2.576169837720366281e-03
-6.906791863919405614e+02	2.688334870237687590e-03
-6.906458533444071008e+02	2.780907340455920831e-03
-6.906125202968736403e+02	2.827234589498741572e-03
-6.905791872493402934e+02	2.845088634155779062e-03
-6.905458542018068329e+02	2.868542003865600949e-03
-6.905125211542733723e+02	2.815588396212374486e-03
-6.904791881067399117e+02	2.848102104322763461e-03
-6.904458550592064512e+02	2.800578274373889242e-03
-6.904125220116729906e+02	2.791845992080546450e-03
-6.903791889641396438e+02	2.770114122269024936e-03
-6.903458559166061832e+02	2.771385341105117150e-03
-6.903125228690727226e+02	2.790919520367750404e-03
-6.902791898215392621e+02	2.773352432085850802e-03
-6.902458567740058015e+02	2.751884495043661460e-03
-6.902125237264724547e+02	2.727089930536868729e-03
-6.901791906789389941e+02	2.718267899437559060e-03
-6.901458576314055335e+02	2.706606245084200186e-03
-6.901125245838720730e+02	2.700254026805225596e-03
